cluster: 0
1.49000e-01 4.00000e+00
0.00000e+00 4.00000e+00
0.00000e+00 4.00000e+00
0.00000e+00 3.00000e+00
0.00000e+00 3.00000e+00
2.50000e-02 4.00000e+00
0.00000e+00 3.00000e+00
0.00000e+00 4.00000e+00
0.00000e+00 4.00000e+00
1.00000e+00 5.00000e+00
2.50000e-02 4.00000e+00
0.00000e+00 3.00000e+00
0.00000e+00 4.00000e+00
0.00000e+00 3.00000e+00
0.00000e+00 4.00000e+00
0.00000e+00 4.00000e+00
2.50000e-02 4.00000e+00
2.50000e-02 4.00000e+00
0.00000e+00 4.00000e+00
0.00000e+00 4.00000e+00
0.00000e+00 4.00000e+00
0.00000e+00 4.00000e+00
0.00000e+00 4.00000e+00
0.00000e+00 3.00000e+00
0.00000e+00 4.00000e+00
7.40000e-02 4.00000e+00
0.00000e+00 4.00000e+00
0.00000e+00 4.00000e+00
0.00000e+00 4.00000e+00
0.00000e+00 4.00000e+00
0.00000e+00 3.00000e+00
0.00000e+00 4.00000e+00
0.00000e+00 4.00000e+00
0.00000e+00 4.00000e+00
0.00000e+00 4.00000e+00
0.00000e+00 3.00000e+00
0.00000e+00 4.00000e+00
0.00000e+00 4.00000e+00
0.00000e+00 4.00000e+00
0.00000e+00 4.00000e+00
0.00000e+00 4.00000e+00
0.00000e+00 4.00000e+00
0.00000e+00 3.00000e+00
0.00000e+00 4.00000e+00
0.00000e+00 4.00000e+00
0.00000e+00 4.00000e+00
0.00000e+00 4.00000e+00
0.00000e+00 3.00000e+00
0.00000e+00 4.00000e+00
0.00000e+00 4.00000e+00
0.00000e+00 4.00000e+00
0.00000e+00 4.00000e+00
0.00000e+00 4.00000e+00
0.00000e+00 4.00000e+00
0.00000e+00 4.00000e+00
0.00000e+00 4.00000e+00
0.00000e+00 4.00000e+00
0.00000e+00 4.00000e+00
0.00000e+00 4.00000e+00
0.00000e+00 4.00000e+00
0.00000e+00 4.00000e+00
0.00000e+00 4.00000e+00
0.00000e+00 4.00000e+00
0.00000e+00 4.00000e+00
0.00000e+00 4.00000e+00
0.00000e+00 2.00000e+00
0.00000e+00 3.00000e+00
0.00000e+00 4.00000e+00
0.00000e+00 5.00000e+00
0.00000e+00 3.00000e+00
0.00000e+00 4.00000e+00
0.00000e+00 4.00000e+00
0.00000e+00 4.00000e+00
0.00000e+00 3.00000e+00
0.00000e+00 2.00000e+00
0.00000e+00 4.00000e+00
0.00000e+00 4.00000e+00
0.00000e+00 4.00000e+00
0.00000e+00 5.00000e+00
0.00000e+00 4.00000e+00
0.00000e+00 4.00000e+00
cluster: 1
1.49000e-01 4.00000e+00
0.00000e+00 4.00000e+00
0.00000e+00 3.00000e+00
0.00000e+00 3.00000e+00
2.50000e-02 4.00000e+00
0.00000e+00 3.00000e+00
0.00000e+00 4.00000e+00
1.00000e+00 5.00000e+00
0.00000e+00 4.00000e+00
2.50000e-02 4.00000e+00
0.00000e+00 4.00000e+00
0.00000e+00 4.00000e+00
2.50000e-02 4.00000e+00
2.50000e-02 4.00000e+00
2.50000e-02 4.00000e+00
0.00000e+00 4.00000e+00
2.50000e-02 4.00000e+00
0.00000e+00 4.00000e+00
0.00000e+00 2.00000e+00
0.00000e+00 4.00000e+00
1.49000e-01 4.00000e+00
0.00000e+00 4.00000e+00
0.00000e+00 3.00000e+00
0.00000e+00 3.00000e+00
0.00000e+00 4.00000e+00
7.40000e-02 4.00000e+00
0.00000e+00 4.00000e+00
0.00000e+00 3.00000e+00
0.00000e+00 2.00000e+00
0.00000e+00 3.00000e+00
0.00000e+00 4.00000e+00
0.00000e+00 4.00000e+00
0.00000e+00 3.00000e+00
0.00000e+00 4.00000e+00
0.00000e+00 4.00000e+00
0.00000e+00 3.00000e+00
0.00000e+00 3.00000e+00
0.00000e+00 4.00000e+00
0.00000e+00 3.00000e+00
0.00000e+00 4.00000e+00
0.00000e+00 3.00000e+00
0.00000e+00 4.00000e+00
0.00000e+00 4.00000e+00
0.00000e+00 4.00000e+00
1.49000e-01 4.00000e+00
0.00000e+00 4.00000e+00
0.00000e+00 3.00000e+00
7.40000e-02 4.00000e+00
2.50000e-02 4.00000e+00
0.00000e+00 4.00000e+00
0.00000e+00 4.00000e+00
0.00000e+00 4.00000e+00
0.00000e+00 4.00000e+00
0.00000e+00 4.00000e+00
0.00000e+00 4.00000e+00
0.00000e+00 4.00000e+00
7.40000e-02 4.00000e+00
0.00000e+00 4.00000e+00
0.00000e+00 5.00000e+00
0.00000e+00 4.00000e+00
0.00000e+00 3.00000e+00
0.00000e+00 3.00000e+00
0.00000e+00 4.00000e+00
0.00000e+00 4.00000e+00
0.00000e+00 4.00000e+00
0.00000e+00 4.00000e+00
0.00000e+00 4.00000e+00
0.00000e+00 2.00000e+00
7.40000e-02 4.00000e+00
0.00000e+00 5.00000e+00
0.00000e+00 4.00000e+00
7.40000e-02 4.00000e+00
0.00000e+00 4.00000e+00
0.00000e+00 4.00000e+00
cluster: 2
0.00000e+00 4.00000e+00
0.00000e+00 4.00000e+00
0.00000e+00 4.00000e+00
0.00000e+00 4.00000e+00
0.00000e+00 4.00000e+00
0.00000e+00 4.00000e+00
7.40000e-02 4.00000e+00
0.00000e+00 4.00000e+00
0.00000e+00 4.00000e+00
0.00000e+00 4.00000e+00
7.40000e-02 4.00000e+00
0.00000e+00 4.00000e+00
0.00000e+00 4.00000e+00
1.00000e+00 5.00000e+00
0.00000e+00 4.00000e+00
0.00000e+00 4.00000e+00
0.00000e+00 4.00000e+00
0.00000e+00 3.00000e+00
0.00000e+00 4.00000e+00
0.00000e+00 3.00000e+00
0.00000e+00 3.00000e+00
0.00000e+00 4.00000e+00
0.00000e+00 3.00000e+00
0.00000e+00 2.00000e+00
0.00000e+00 2.00000e+00
0.00000e+00 4.00000e+00
0.00000e+00 4.00000e+00
0.00000e+00 4.00000e+00
0.00000e+00 4.00000e+00
0.00000e+00 3.00000e+00
0.00000e+00 3.00000e+00
0.00000e+00 4.00000e+00
0.00000e+00 3.00000e+00
0.00000e+00 4.00000e+00
0.00000e+00 4.00000e+00
0.00000e+00 4.00000e+00
0.00000e+00 4.00000e+00
0.00000e+00 4.00000e+00
0.00000e+00 4.00000e+00
0.00000e+00 4.00000e+00
0.00000e+00 4.00000e+00
7.40000e-02 4.00000e+00
1.49000e-01 4.00000e+00
0.00000e+00 4.00000e+00
0.00000e+00 4.00000e+00
0.00000e+00 4.00000e+00
0.00000e+00 4.00000e+00
2.50000e-02 4.00000e+00
0.00000e+00 4.00000e+00
0.00000e+00 4.00000e+00
0.00000e+00 4.00000e+00
0.00000e+00 4.00000e+00
0.00000e+00 4.00000e+00
0.00000e+00 4.00000e+00
0.00000e+00 3.00000e+00
0.00000e+00 4.00000e+00
0.00000e+00 4.00000e+00
0.00000e+00 4.00000e+00
0.00000e+00 4.00000e+00
cluster: 3
2.50000e-02 4.00000e+00
0.00000e+00 4.00000e+00
0.00000e+00 3.00000e+00
1.49000e-01 4.00000e+00
1.49000e-01 4.00000e+00
0.00000e+00 4.00000e+00
0.00000e+00 4.00000e+00
0.00000e+00 4.00000e+00
0.00000e+00 4.00000e+00
0.00000e+00 4.00000e+00
0.00000e+00 4.00000e+00
1.00000e+00 5.00000e+00
0.00000e+00 4.00000e+00
0.00000e+00 3.00000e+00
0.00000e+00 3.00000e+00
0.00000e+00 4.00000e+00
0.00000e+00 4.00000e+00
0.00000e+00 3.00000e+00
0.00000e+00 4.00000e+00
0.00000e+00 4.00000e+00
0.00000e+00 4.00000e+00
0.00000e+00 4.00000e+00
0.00000e+00 4.00000e+00
0.00000e+00 4.00000e+00
0.00000e+00 4.00000e+00
2.50000e-02 4.00000e+00
2.50000e-02 4.00000e+00
0.00000e+00 3.00000e+00
0.00000e+00 4.00000e+00
0.00000e+00 4.00000e+00
7.40000e-02 4.00000e+00
0.00000e+00 4.00000e+00
0.00000e+00 4.00000e+00
0.00000e+00 4.00000e+00
0.00000e+00 4.00000e+00
0.00000e+00 4.00000e+00
0.00000e+00 4.00000e+00
0.00000e+00 5.00000e+00
0.00000e+00 4.00000e+00
0.00000e+00 4.00000e+00
0.00000e+00 4.00000e+00
0.00000e+00 4.00000e+00
0.00000e+00 4.00000e+00
0.00000e+00 4.00000e+00
0.00000e+00 5.00000e+00
0.00000e+00 4.00000e+00
cluster: 4
0.00000e+00 3.00000e+00
0.00000e+00 3.00000e+00
0.00000e+00 4.00000e+00
7.40000e-02 4.00000e+00
7.40000e-02 4.00000e+00
0.00000e+00 4.00000e+00
0.00000e+00 4.00000e+00
1.00000e+00 5.00000e+00
0.00000e+00 3.00000e+00
1.49000e-01 4.00000e+00
0.00000e+00 4.00000e+00
0.00000e+00 4.00000e+00
0.00000e+00 3.00000e+00
0.00000e+00 4.00000e+00
0.00000e+00 4.00000e+00
0.00000e+00 4.00000e+00
0.00000e+00 5.00000e+00
0.00000e+00 4.00000e+00
0.00000e+00 4.00000e+00
0.00000e+00 3.00000e+00
0.00000e+00 3.00000e+00
0.00000e+00 3.00000e+00
0.00000e+00 3.00000e+00
0.00000e+00 4.00000e+00
0.00000e+00 4.00000e+00
0.00000e+00 4.00000e+00
0.00000e+00 4.00000e+00
0.00000e+00 3.00000e+00
0.00000e+00 4.00000e+00
0.00000e+00 4.00000e+00
0.00000e+00 4.00000e+00
0.00000e+00 4.00000e+00
0.00000e+00 4.00000e+00
0.00000e+00 4.00000e+00
0.00000e+00 4.00000e+00
0.00000e+00 4.00000e+00
0.00000e+00 2.00000e+00
0.00000e+00 3.00000e+00
0.00000e+00 4.00000e+00
0.00000e+00 4.00000e+00
0.00000e+00 2.00000e+00
0.00000e+00 4.00000e+00
0.00000e+00 4.00000e+00
0.00000e+00 5.00000e+00
0.00000e+00 4.00000e+00
7.40000e-02 4.00000e+00
0.00000e+00 4.00000e+00
cluster: 5
0.00000e+00 3.00000e+00
0.00000e+00 3.00000e+00
0.00000e+00 3.00000e+00
0.00000e+00 4.00000e+00
0.00000e+00 4.00000e+00
0.00000e+00 3.00000e+00
0.00000e+00 4.00000e+00
7.40000e-02 4.00000e+00
2.50000e-02 4.00000e+00
7.40000e-02 4.00000e+00
0.00000e+00 4.00000e+00
0.00000e+00 4.00000e+00
0.00000e+00 4.00000e+00
0.00000e+00 4.00000e+00
0.00000e+00 4.00000e+00
1.00000e+00 5.00000e+00
0.00000e+00 3.00000e+00
0.00000e+00 4.00000e+00
0.00000e+00 4.00000e+00
0.00000e+00 3.00000e+00
2.50000e-02 4.00000e+00
0.00000e+00 3.00000e+00
0.00000e+00 3.00000e+00
0.00000e+00 4.00000e+00
0.00000e+00 4.00000e+00
0.00000e+00 3.00000e+00
0.00000e+00 3.00000e+00
0.00000e+00 4.00000e+00
0.00000e+00 3.00000e+00
0.00000e+00 4.00000e+00
2.50000e-02 4.00000e+00
0.00000e+00 4.00000e+00
0.00000e+00 4.00000e+00
0.00000e+00 4.00000e+00
0.00000e+00 3.00000e+00
0.00000e+00 3.00000e+00
0.00000e+00 4.00000e+00
0.00000e+00 4.00000e+00
0.00000e+00 4.00000e+00
0.00000e+00 3.00000e+00
0.00000e+00 4.00000e+00
0.00000e+00 4.00000e+00
0.00000e+00 4.00000e+00
0.00000e+00 4.00000e+00
0.00000e+00 4.00000e+00
0.00000e+00 4.00000e+00
0.00000e+00 4.00000e+00
0.00000e+00 4.00000e+00
0.00000e+00 2.00000e+00
0.00000e+00 4.00000e+00
0.00000e+00 5.00000e+00
7.40000e-02 4.00000e+00
cluster: 6
0.00000e+00 4.00000e+00
0.00000e+00 3.00000e+00
7.40000e-02 4.00000e+00
2.50000e-02 4.00000e+00
0.00000e+00 4.00000e+00
0.00000e+00 4.00000e+00
0.00000e+00 4.00000e+00
1.00000e+00 5.00000e+00
0.00000e+00 4.00000e+00
0.00000e+00 4.00000e+00
7.40000e-02 4.00000e+00
0.00000e+00 4.00000e+00
0.00000e+00 4.00000e+00
0.00000e+00 4.00000e+00
2.50000e-02 4.00000e+00
2.50000e-02 4.00000e+00
0.00000e+00 3.00000e+00
0.00000e+00 4.00000e+00
0.00000e+00 4.00000e+00
0.00000e+00 4.00000e+00
0.00000e+00 4.00000e+00
0.00000e+00 3.00000e+00
0.00000e+00 4.00000e+00
0.00000e+00 4.00000e+00
0.00000e+00 4.00000e+00
0.00000e+00 4.00000e+00
0.00000e+00 4.00000e+00
2.50000e-02 4.00000e+00
0.00000e+00 4.00000e+00
0.00000e+00 4.00000e+00
0.00000e+00 4.00000e+00
0.00000e+00 4.00000e+00
0.00000e+00 4.00000e+00
0.00000e+00 4.00000e+00
0.00000e+00 5.00000e+00
0.00000e+00 4.00000e+00
0.00000e+00 4.00000e+00
0.00000e+00 4.00000e+00
cluster: 7
0.00000e+00 4.00000e+00
2.50000e-02 4.00000e+00
0.00000e+00 4.00000e+00
7.40000e-02 4.00000e+00
0.00000e+00 3.00000e+00
0.00000e+00 4.00000e+00
1.49000e-01 4.00000e+00
1.00000e+00 5.00000e+00
0.00000e+00 4.00000e+00
0.00000e+00 3.00000e+00
0.00000e+00 4.00000e+00
0.00000e+00 3.00000e+00
0.00000e+00 3.00000e+00
2.50000e-02 4.00000e+00
2.50000e-02 4.00000e+00
0.00000e+00 4.00000e+00
0.00000e+00 2.00000e+00
2.50000e-02 4.00000e+00
0.00000e+00 3.00000e+00
0.00000e+00 4.00000e+00
0.00000e+00 4.00000e+00
0.00000e+00 4.00000e+00
0.00000e+00 4.00000e+00
0.00000e+00 4.00000e+00
0.00000e+00 4.00000e+00
0.00000e+00 4.00000e+00
2.50000e-02 4.00000e+00
2.50000e-02 4.00000e+00
0.00000e+00 4.00000e+00
0.00000e+00 4.00000e+00
1.49000e-01 4.00000e+00
0.00000e+00 3.00000e+00
0.00000e+00 4.00000e+00
0.00000e+00 4.00000e+00
0.00000e+00 4.00000e+00
0.00000e+00 5.00000e+00
0.00000e+00 3.00000e+00
cluster: 8
0.00000e+00 4.00000e+00
7.40000e-02 4.00000e+00
1.00000e+00 5.00000e+00
0.00000e+00 4.00000e+00
0.00000e+00 3.00000e+00
0.00000e+00 4.00000e+00
2.50000e-02 4.00000e+00
0.00000e+00 4.00000e+00
0.00000e+00 4.00000e+00
0.00000e+00 4.00000e+00
0.00000e+00 4.00000e+00
0.00000e+00 4.00000e+00
0.00000e+00 4.00000e+00
0.00000e+00 4.00000e+00
0.00000e+00 4.00000e+00
0.00000e+00 4.00000e+00
1.49000e-01 4.00000e+00
1.49000e-01 4.00000e+00
2.50000e-02 4.00000e+00
2.50000e-02 4.00000e+00
2.50000e-02 4.00000e+00
0.00000e+00 4.00000e+00
0.00000e+00 4.00000e+00
0.00000e+00 4.00000e+00
0.00000e+00 4.00000e+00
0.00000e+00 4.00000e+00
0.00000e+00 4.00000e+00
0.00000e+00 4.00000e+00
0.00000e+00 4.00000e+00
0.00000e+00 4.00000e+00
0.00000e+00 4.00000e+00
0.00000e+00 4.00000e+00
7.40000e-02 4.00000e+00
0.00000e+00 4.00000e+00
cluster: 9
0.00000e+00 3.00000e+00
0.00000e+00 2.00000e+00
7.40000e-02 4.00000e+00
0.00000e+00 4.00000e+00
0.00000e+00 4.00000e+00
0.00000e+00 4.00000e+00
0.00000e+00 4.00000e+00
2.50000e-02 4.00000e+00
0.00000e+00 4.00000e+00
1.00000e+00 5.00000e+00
7.40000e-02 4.00000e+00
0.00000e+00 3.00000e+00
0.00000e+00 4.00000e+00
0.00000e+00 4.00000e+00
0.00000e+00 4.00000e+00
0.00000e+00 4.00000e+00
0.00000e+00 3.00000e+00
0.00000e+00 4.00000e+00
0.00000e+00 4.00000e+00
0.00000e+00 3.00000e+00
0.00000e+00 4.00000e+00
0.00000e+00 3.00000e+00
0.00000e+00 4.00000e+00
0.00000e+00 4.00000e+00
0.00000e+00 4.00000e+00
0.00000e+00 4.00000e+00
0.00000e+00 4.00000e+00
7.40000e-02 4.00000e+00
0.00000e+00 4.00000e+00
0.00000e+00 4.00000e+00
0.00000e+00 4.00000e+00
0.00000e+00 4.00000e+00
0.00000e+00 2.00000e+00
0.00000e+00 5.00000e+00
0.00000e+00 4.00000e+00
0.00000e+00 4.00000e+00
0.00000e+00 4.00000e+00
0.00000e+00 4.00000e+00
0.00000e+00 4.00000e+00
0.00000e+00 4.00000e+00
0.00000e+00 4.00000e+00
cluster: 10
2.50000e-02 4.00000e+00
0.00000e+00 4.00000e+00
0.00000e+00 4.00000e+00
0.00000e+00 4.00000e+00
0.00000e+00 4.00000e+00
2.50000e-02 4.00000e+00
1.00000e+00 5.00000e+00
0.00000e+00 4.00000e+00
0.00000e+00 3.00000e+00
0.00000e+00 3.00000e+00
0.00000e+00 4.00000e+00
0.00000e+00 3.00000e+00
0.00000e+00 3.00000e+00
0.00000e+00 4.00000e+00
0.00000e+00 4.00000e+00
0.00000e+00 4.00000e+00
0.00000e+00 4.00000e+00
0.00000e+00 4.00000e+00
0.00000e+00 4.00000e+00
0.00000e+00 3.00000e+00
0.00000e+00 4.00000e+00
0.00000e+00 4.00000e+00
0.00000e+00 4.00000e+00
0.00000e+00 4.00000e+00
0.00000e+00 3.00000e+00
0.00000e+00 4.00000e+00
7.40000e-02 4.00000e+00
7.40000e-02 4.00000e+00
0.00000e+00 4.00000e+00
0.00000e+00 4.00000e+00
0.00000e+00 4.00000e+00
0.00000e+00 3.00000e+00
0.00000e+00 4.00000e+00
0.00000e+00 3.00000e+00
0.00000e+00 3.00000e+00
0.00000e+00 4.00000e+00
0.00000e+00 4.00000e+00
7.40000e-02 4.00000e+00
7.40000e-02 4.00000e+00
7.40000e-02 4.00000e+00
0.00000e+00 4.00000e+00
cluster: 11
7.40000e-02 4.00000e+00
0.00000e+00 4.00000e+00
7.40000e-02 4.00000e+00
0.00000e+00 4.00000e+00
0.00000e+00 4.00000e+00
0.00000e+00 3.00000e+00
0.00000e+00 4.00000e+00
1.49000e-01 4.00000e+00
0.00000e+00 3.00000e+00
1.00000e+00 5.00000e+00
0.00000e+00 4.00000e+00
0.00000e+00 3.00000e+00
0.00000e+00 3.00000e+00
0.00000e+00 4.00000e+00
0.00000e+00 4.00000e+00
0.00000e+00 4.00000e+00
0.00000e+00 3.00000e+00
0.00000e+00 4.00000e+00
0.00000e+00 4.00000e+00
0.00000e+00 3.00000e+00
0.00000e+00 3.00000e+00
0.00000e+00 3.00000e+00
0.00000e+00 3.00000e+00
0.00000e+00 3.00000e+00
0.00000e+00 4.00000e+00
0.00000e+00 4.00000e+00
0.00000e+00 4.00000e+00
0.00000e+00 4.00000e+00
0.00000e+00 4.00000e+00
0.00000e+00 4.00000e+00
0.00000e+00 4.00000e+00
0.00000e+00 5.00000e+00
0.00000e+00 5.00000e+00
0.00000e+00 3.00000e+00
0.00000e+00 4.00000e+00
0.00000e+00 4.00000e+00
0.00000e+00 2.00000e+00
0.00000e+00 4.00000e+00
cluster: 12
1.49000e-01 4.00000e+00
0.00000e+00 4.00000e+00
0.00000e+00 4.00000e+00
0.00000e+00 4.00000e+00
0.00000e+00 4.00000e+00
1.00000e+00 5.00000e+00
0.00000e+00 4.00000e+00
0.00000e+00 4.00000e+00
0.00000e+00 3.00000e+00
7.40000e-02 4.00000e+00
7.40000e-02 4.00000e+00
7.40000e-02 4.00000e+00
7.40000e-02 4.00000e+00
0.00000e+00 3.00000e+00
0.00000e+00 4.00000e+00
0.00000e+00 3.00000e+00
0.00000e+00 4.00000e+00
0.00000e+00 4.00000e+00
0.00000e+00 4.00000e+00
0.00000e+00 4.00000e+00
2.50000e-02 4.00000e+00
0.00000e+00 4.00000e+00
1.49000e-01 4.00000e+00
0.00000e+00 4.00000e+00
0.00000e+00 4.00000e+00
0.00000e+00 4.00000e+00
0.00000e+00 3.00000e+00
7.40000e-02 4.00000e+00
0.00000e+00 4.00000e+00
0.00000e+00 4.00000e+00
cluster: 13
0.00000e+00 4.00000e+00
0.00000e+00 4.00000e+00
0.00000e+00 3.00000e+00
0.00000e+00 3.00000e+00
0.00000e+00 4.00000e+00
0.00000e+00 4.00000e+00
1.00000e+00 5.00000e+00
2.50000e-02 4.00000e+00
2.50000e-02 4.00000e+00
0.00000e+00 2.00000e+00
0.00000e+00 3.00000e+00
0.00000e+00 3.00000e+00
0.00000e+00 5.00000e+00
0.00000e+00 4.00000e+00
0.00000e+00 3.00000e+00
0.00000e+00 4.00000e+00
0.00000e+00 2.00000e+00
0.00000e+00 4.00000e+00
0.00000e+00 4.00000e+00
7.40000e-02 4.00000e+00
0.00000e+00 4.00000e+00
0.00000e+00 4.00000e+00
2.50000e-02 4.00000e+00
0.00000e+00 4.00000e+00
0.00000e+00 4.00000e+00
0.00000e+00 4.00000e+00
0.00000e+00 4.00000e+00
0.00000e+00 4.00000e+00
0.00000e+00 4.00000e+00
0.00000e+00 2.00000e+00
0.00000e+00 4.00000e+00
1.49000e-01 5.00000e+00
0.00000e+00 4.00000e+00
0.00000e+00 3.00000e+00
2.50000e-02 4.00000e+00
cluster: 14
0.00000e+00 4.00000e+00
0.00000e+00 2.00000e+00
0.00000e+00 3.00000e+00
0.00000e+00 4.00000e+00
7.40000e-02 4.00000e+00
0.00000e+00 4.00000e+00
0.00000e+00 4.00000e+00
0.00000e+00 4.00000e+00
0.00000e+00 4.00000e+00
0.00000e+00 4.00000e+00
0.00000e+00 3.00000e+00
0.00000e+00 4.00000e+00
0.00000e+00 4.00000e+00
0.00000e+00 4.00000e+00
0.00000e+00 4.00000e+00
2.50000e-02 4.00000e+00
0.00000e+00 4.00000e+00
0.00000e+00 4.00000e+00
0.00000e+00 4.00000e+00
0.00000e+00 2.00000e+00
0.00000e+00 4.00000e+00
0.00000e+00 4.00000e+00
0.00000e+00 4.00000e+00
1.00000e+00 5.00000e+00
7.40000e-02 4.00000e+00
0.00000e+00 4.00000e+00
0.00000e+00 4.00000e+00
cluster: 15
1.49000e-01 4.00000e+00
7.40000e-02 4.00000e+00
0.00000e+00 4.00000e+00
0.00000e+00 4.00000e+00
2.50000e-02 4.00000e+00
0.00000e+00 4.00000e+00
0.00000e+00 2.00000e+00
0.00000e+00 4.00000e+00
0.00000e+00 3.00000e+00
0.00000e+00 4.00000e+00
0.00000e+00 3.00000e+00
0.00000e+00 3.00000e+00
0.00000e+00 3.00000e+00
0.00000e+00 3.00000e+00
0.00000e+00 4.00000e+00
0.00000e+00 4.00000e+00
0.00000e+00 4.00000e+00
0.00000e+00 4.00000e+00
0.00000e+00 4.00000e+00
0.00000e+00 4.00000e+00
2.50000e-02 4.00000e+00
0.00000e+00 4.00000e+00
0.00000e+00 4.00000e+00
0.00000e+00 2.00000e+00
0.00000e+00 3.00000e+00
7.40000e-02 4.00000e+00
1.00000e+00 5.00000e+00
cluster: 16
0.00000e+00 4.00000e+00
7.40000e-02 4.00000e+00
0.00000e+00 4.00000e+00
0.00000e+00 4.00000e+00
2.50000e-02 4.00000e+00
7.40000e-02 4.00000e+00
0.00000e+00 4.00000e+00
0.00000e+00 4.00000e+00
0.00000e+00 4.00000e+00
0.00000e+00 4.00000e+00
0.00000e+00 4.00000e+00
0.00000e+00 4.00000e+00
0.00000e+00 3.00000e+00
0.00000e+00 4.00000e+00
0.00000e+00 2.00000e+00
0.00000e+00 4.00000e+00
0.00000e+00 4.00000e+00
7.40000e-02 4.00000e+00
1.00000e+00 5.00000e+00
cluster: 17
0.00000e+00 4.00000e+00
7.40000e-02 4.00000e+00
0.00000e+00 3.00000e+00
0.00000e+00 4.00000e+00
0.00000e+00 3.00000e+00
0.00000e+00 4.00000e+00
0.00000e+00 4.00000e+00
0.00000e+00 4.00000e+00
0.00000e+00 4.00000e+00
0.00000e+00 4.00000e+00
0.00000e+00 3.00000e+00
0.00000e+00 3.00000e+00
0.00000e+00 4.00000e+00
0.00000e+00 4.00000e+00
0.00000e+00 4.00000e+00
0.00000e+00 4.00000e+00
0.00000e+00 4.00000e+00
0.00000e+00 4.00000e+00
0.00000e+00 4.00000e+00
0.00000e+00 4.00000e+00
7.40000e-02 4.00000e+00
7.40000e-02 4.00000e+00
1.00000e+00 5.00000e+00
0.00000e+00 3.00000e+00
cluster: 18
0.00000e+00 3.00000e+00
0.00000e+00 4.00000e+00
0.00000e+00 4.00000e+00
0.00000e+00 4.00000e+00
2.50000e-02 4.00000e+00
0.00000e+00 4.00000e+00
7.40000e-02 4.00000e+00
0.00000e+00 5.00000e+00
0.00000e+00 4.00000e+00
0.00000e+00 3.00000e+00
0.00000e+00 4.00000e+00
0.00000e+00 4.00000e+00
0.00000e+00 5.00000e+00
0.00000e+00 4.00000e+00
0.00000e+00 4.00000e+00
0.00000e+00 5.00000e+00
0.00000e+00 4.00000e+00
1.00000e+00 5.00000e+00
cluster: 19
7.40000e-02 4.00000e+00
2.50000e-02 4.00000e+00
2.50000e-02 4.00000e+00
0.00000e+00 3.00000e+00
7.40000e-02 4.00000e+00
0.00000e+00 4.00000e+00
0.00000e+00 4.00000e+00
0.00000e+00 4.00000e+00
0.00000e+00 4.00000e+00
0.00000e+00 3.00000e+00
0.00000e+00 4.00000e+00
0.00000e+00 4.00000e+00
0.00000e+00 4.00000e+00
0.00000e+00 4.00000e+00
0.00000e+00 3.00000e+00
0.00000e+00 3.00000e+00
0.00000e+00 3.00000e+00
0.00000e+00 3.00000e+00
1.00000e+00 5.00000e+00
cluster: 20
0.00000e+00 3.00000e+00
0.00000e+00 4.00000e+00
0.00000e+00 4.00000e+00
0.00000e+00 4.00000e+00
0.00000e+00 4.00000e+00
7.40000e-02 4.00000e+00
0.00000e+00 4.00000e+00
2.50000e-02 4.00000e+00
2.50000e-02 4.00000e+00
0.00000e+00 4.00000e+00
0.00000e+00 4.00000e+00
7.40000e-02 4.00000e+00
0.00000e+00 4.00000e+00
0.00000e+00 4.00000e+00
0.00000e+00 4.00000e+00
0.00000e+00 4.00000e+00
0.00000e+00 4.00000e+00
1.00000e+00 5.00000e+00
cluster: 21
1.49000e-01 4.00000e+00
0.00000e+00 3.00000e+00
0.00000e+00 4.00000e+00
0.00000e+00 4.00000e+00
0.00000e+00 4.00000e+00
2.49000e-01 4.00000e+00
0.00000e+00 3.00000e+00
2.50000e-02 4.00000e+00
7.40000e-02 4.00000e+00
0.00000e+00 3.00000e+00
0.00000e+00 2.00000e+00
0.00000e+00 4.00000e+00
0.00000e+00 4.00000e+00
0.00000e+00 4.00000e+00
0.00000e+00 3.00000e+00
1.00000e+00 5.00000e+00
7.40000e-02 4.00000e+00
cluster: 22
0.00000e+00 4.00000e+00
0.00000e+00 4.00000e+00
0.00000e+00 4.00000e+00
0.00000e+00 4.00000e+00
0.00000e+00 3.00000e+00
0.00000e+00 4.00000e+00
0.00000e+00 4.00000e+00
0.00000e+00 4.00000e+00
0.00000e+00 4.00000e+00
0.00000e+00 4.00000e+00
0.00000e+00 4.00000e+00
2.50000e-02 4.00000e+00
0.00000e+00 4.00000e+00
0.00000e+00 4.00000e+00
0.00000e+00 4.00000e+00
0.00000e+00 4.00000e+00
0.00000e+00 4.00000e+00
0.00000e+00 5.00000e+00
0.00000e+00 3.00000e+00
0.00000e+00 3.00000e+00
1.00000e+00 5.00000e+00
2.50000e-02 4.00000e+00
cluster: 23
0.00000e+00 3.00000e+00
0.00000e+00 4.00000e+00
0.00000e+00 4.00000e+00
0.00000e+00 3.00000e+00
0.00000e+00 4.00000e+00
7.40000e-02 4.00000e+00
0.00000e+00 4.00000e+00
0.00000e+00 4.00000e+00
7.40000e-02 4.00000e+00
0.00000e+00 4.00000e+00
0.00000e+00 4.00000e+00
0.00000e+00 2.00000e+00
0.00000e+00 5.00000e+00
0.00000e+00 4.00000e+00
1.00000e+00 5.00000e+00
0.00000e+00 4.00000e+00
cluster: 24
0.00000e+00 4.00000e+00
2.50000e-02 4.00000e+00
0.00000e+00 4.00000e+00
7.40000e-02 4.00000e+00
0.00000e+00 4.00000e+00
0.00000e+00 4.00000e+00
0.00000e+00 4.00000e+00
0.00000e+00 4.00000e+00
2.50000e-02 4.00000e+00
7.40000e-02 4.00000e+00
1.49000e-01 4.00000e+00
0.00000e+00 5.00000e+00
0.00000e+00 4.00000e+00
0.00000e+00 4.00000e+00
0.00000e+00 4.00000e+00
0.00000e+00 4.00000e+00
0.00000e+00 4.00000e+00
0.00000e+00 4.00000e+00
0.00000e+00 5.00000e+00
0.00000e+00 4.00000e+00
0.00000e+00 4.00000e+00
0.00000e+00 4.00000e+00
1.00000e+00 5.00000e+00
7.40000e-02 4.00000e+00
cluster: 25
0.00000e+00 4.00000e+00
7.40000e-02 4.00000e+00
2.50000e-02 4.00000e+00
0.00000e+00 4.00000e+00
0.00000e+00 3.00000e+00
0.00000e+00 4.00000e+00
0.00000e+00 4.00000e+00
0.00000e+00 4.00000e+00
0.00000e+00 3.00000e+00
0.00000e+00 4.00000e+00
0.00000e+00 5.00000e+00
1.00000e+00 5.00000e+00
0.00000e+00 4.00000e+00
cluster: 26
0.00000e+00 4.00000e+00
0.00000e+00 4.00000e+00
0.00000e+00 4.00000e+00
0.00000e+00 4.00000e+00
0.00000e+00 3.00000e+00
0.00000e+00 3.00000e+00
0.00000e+00 3.00000e+00
2.50000e-02 4.00000e+00
0.00000e+00 4.00000e+00
1.00000e+00 5.00000e+00
cluster: 27
2.50000e-02 4.00000e+00
2.50000e-02 4.00000e+00
0.00000e+00 4.00000e+00
0.00000e+00 4.00000e+00
2.50000e-02 4.00000e+00
0.00000e+00 4.00000e+00
0.00000e+00 3.00000e+00
0.00000e+00 5.00000e+00
0.00000e+00 4.00000e+00
0.00000e+00 4.00000e+00
0.00000e+00 4.00000e+00
0.00000e+00 4.00000e+00
0.00000e+00 5.00000e+00
0.00000e+00 5.00000e+00
0.00000e+00 4.00000e+00
0.00000e+00 4.00000e+00
1.00000e+00 5.00000e+00
0.00000e+00 4.00000e+00
cluster: 28
0.00000e+00 3.00000e+00
0.00000e+00 4.00000e+00
0.00000e+00 4.00000e+00
0.00000e+00 4.00000e+00
0.00000e+00 4.00000e+00
0.00000e+00 4.00000e+00
0.00000e+00 4.00000e+00
0.00000e+00 4.00000e+00
0.00000e+00 4.00000e+00
0.00000e+00 4.00000e+00
0.00000e+00 2.00000e+00
0.00000e+00 4.00000e+00
1.49000e-01 5.00000e+00
1.00000e+00 5.00000e+00
0.00000e+00 4.00000e+00
cluster: 29
0.00000e+00 4.00000e+00
2.50000e-02 4.00000e+00
2.49000e-01 4.00000e+00
7.40000e-02 4.00000e+00
0.00000e+00 4.00000e+00
0.00000e+00 4.00000e+00
0.00000e+00 4.00000e+00
0.00000e+00 4.00000e+00
7.40000e-02 4.00000e+00
2.50000e-02 4.00000e+00
0.00000e+00 4.00000e+00
0.00000e+00 4.00000e+00
0.00000e+00 5.00000e+00
0.00000e+00 4.00000e+00
0.00000e+00 4.00000e+00
1.00000e+00 5.00000e+00
0.00000e+00 3.00000e+00
2.50000e-02 4.00000e+00
cluster: 30
0.00000e+00 4.00000e+00
0.00000e+00 4.00000e+00
0.00000e+00 4.00000e+00
0.00000e+00 4.00000e+00
0.00000e+00 3.00000e+00
7.40000e-02 4.00000e+00
2.50000e-02 4.00000e+00
0.00000e+00 4.00000e+00
0.00000e+00 4.00000e+00
0.00000e+00 4.00000e+00
0.00000e+00 4.00000e+00
0.00000e+00 4.00000e+00
1.00000e+00 5.00000e+00
0.00000e+00 4.00000e+00
cluster: 31
2.50000e-02 4.00000e+00
0.00000e+00 4.00000e+00
1.49000e-01 4.00000e+00
0.00000e+00 4.00000e+00
0.00000e+00 4.00000e+00
1.00000e+00 5.00000e+00
cluster: 32
0.00000e+00 4.00000e+00
2.50000e-02 4.00000e+00
0.00000e+00 4.00000e+00
0.00000e+00 4.00000e+00
0.00000e+00 3.00000e+00
0.00000e+00 4.00000e+00
0.00000e+00 4.00000e+00
0.00000e+00 4.00000e+00
0.00000e+00 4.00000e+00
2.50000e-02 4.00000e+00
0.00000e+00 4.00000e+00
0.00000e+00 4.00000e+00
0.00000e+00 4.00000e+00
1.00000e+00 5.00000e+00
cluster: 33
0.00000e+00 4.00000e+00
0.00000e+00 3.00000e+00
0.00000e+00 3.00000e+00
2.50000e-02 4.00000e+00
0.00000e+00 4.00000e+00
0.00000e+00 4.00000e+00
0.00000e+00 4.00000e+00
0.00000e+00 3.00000e+00
1.00000e+00 5.00000e+00
cluster: 34
0.00000e+00 4.00000e+00
0.00000e+00 2.00000e+00
0.00000e+00 4.00000e+00
0.00000e+00 4.00000e+00
0.00000e+00 2.00000e+00
0.00000e+00 4.00000e+00
1.00000e+00 5.00000e+00
