graph 1
0.784550045914
1006, 1021, 1023, 1024, 1042, 1058, 1062, 1066, 1073, 1077, 1079, 1091, 1097, 1098, 1099, 1100, 1101, 1124, 1173, 1193, 1214, 1215, 1225, 1226, 1238, 1303, 1307, 1344, 1345, 1346, 1347, 1350, 1363
5, 4, 4, 4, 5, 1, 1, 8, 0, 0, 0, 5, 2, 2, 2, 2, 2, 6, 6, 6, 1, 1, 1, 1, 0, 0, 0, 3, 3, 3, 3, 7, 7
0.740740740741
{0: 1303, 1073, 1077, 1238, 1079, 1307, 1: 1058, 1062, 1225, 1226, 1214, 1215, 2: 1097, 1098, 1099, 1100, 1101, 3: 1344, 1345, 1346, 1347, 4: 1024, 1021, 1023, 5: 1042, 1091, 1006, 6: 1193, 1124, 1173, 7: 1363, 1350, 8: 1066}
graph 2
0.584969008264
125, 1008, 1021, 1114, 1138, 1155, 1157, 1208, 1238, 1284, 1285, 1305, 1369, 1448, 1452, 1604, 1614, 1687, 1693, 1694, 1695, 1696, 1698, 1701, 1702, 1705, 1742, 1788, 2019, 2725
0, 3, 5, 0, 0, 0, 0, 1, 2, 6, 6, 2, 2, 4, 4, 5, 1, 7, 1, 3, 1, 1, 3, 4, 0, 0, 0, 1, 5, 7
0.791369047619
{0: 1155, 1157, 1702, 1705, 1742, 1138, 1114, 125, 1: 1696, 1614, 1208, 1788, 1693, 1695, 2: 1305, 1238, 1369, 3: 1008, 1698, 1694, 4: 1448, 1452, 1701, 5: 2019, 1604, 1021, 6: 1284, 1285, 7: 2725, 1687}
graph 3
0.36015625
20, 173, 185, 1286, 1707, 1708, 1710, 1745, 1746, 1749, 1783, 1785, 1786, 1787, 1789, 1790, 1797, 2002, 2006, 2007, 2008, 2009, 2018, 2020, 2021, 2022
4, 0, 4, 5, 0, 0, 0, 0, 2, 1, 3, 2, 1, 3, 3, 3, 0, 0, 1, 1, 1, 0, 2, 2, 0, 2
0.733333333333
{0: 1797, 1707, 1708, 173, 1710, 1745, 2002, 2009, 2021, 1: 2008, 1786, 1749, 2006, 2007, 2: 1785, 2018, 2020, 1746, 2022, 3: 1787, 1789, 1790, 1783, 4: 185, 20, 5: 1286}
graph 4
0.5624
203, 339, 1286, 1295, 1300, 1306, 2020, 2023, 2024, 2025, 2028, 2029, 2030, 2032, 2033, 2034, 2035, 2036, 2037, 2049, 2123, 2124, 2180
0, 0, 3, 3, 2, 2, 1, 1, 1, 1, 1, 1, 1, 0, 0, 0, 0, 0, 0, 0, 4, 4, 2
0.85
{0: 2049, 203, 2032, 2033, 2034, 339, 2036, 2037, 2035, 1: 2020, 2023, 2024, 2025, 2028, 2029, 2030, 2: 1300, 1306, 2180, 3: 1286, 1295, 4: 2123, 2124}
graph 5
0.220025510204
22, 26, 246, 253, 259, 262, 1286, 1302, 1792, 2035, 2038, 2042, 2088, 2215, 2216, 2339, 2612, 2625
0, 0, 0, 0, 1, 0, 0, 2, 0, 1, 1, 3, 1, 0, 0, 3, 0, 2
0.872222222222
{0: 1792, 22, 262, 1286, 2215, 2216, 2612, 246, 26, 253, 1: 2088, 259, 2038, 2035, 2: 2625, 1302, 3: 2042, 2339}
graph 6
0.204456508017
148, 1301, 1302, 1308, 2088, 2089, 2090, 2091, 2092, 2093, 2625, 2626, 2704, 2839, 2840, 2843, 2845, 2847, 2848, 2852, 2853
0, 2, 5, 2, 0, 0, 0, 0, 0, 0, 4, 2, 0, 1, 3, 3, 3, 1, 1, 1, 0
0.569444444444
{0: 2853, 2088, 2089, 2090, 2091, 2092, 2093, 2704, 148, 1: 2848, 2839, 2852, 2847, 2: 2626, 1308, 1301, 3: 2840, 2843, 2845, 4: 2625, 5: 1302}
graph 7
0.713017751479
1703, 1706, 2121, 2122, 2854, 2855, 2856, 2857, 2858, 2859, 2861, 2862, 2863, 2864, 2865, 2867, 3813
2, 3, 6, 6, 0, 0, 3, 0, 4, 5, 1, 5, 1, 1, 4, 0, 2
0.952380952381
{0: 2857, 2867, 2854, 2855, 1: 2864, 2861, 2863, 2: 3813, 1703, 3: 2856, 1706, 4: 2865, 2858, 5: 2859, 2862, 6: 2121, 2122}
graph 8
0.457644628099
1703, 1709, 1711, 1796, 2001, 2331, 2332, 2873, 2874, 2875, 2984, 2985, 2986, 2987
1, 1, 3, 3, 2, 0, 4, 1, 1, 0, 0, 0, 2, 2
0.766666666667
{0: 2984, 2985, 2875, 2331, 1: 2873, 2874, 1709, 1703, 2: 2001, 2986, 2987, 3: 1796, 1711, 4: 2332}
graph 9
0.5184375
200, 252, 2010, 2052, 2988, 2989, 2990, 2991, 2992, 2996, 2998, 2999, 3150, 3151, 3152, 3162
2, 2, 1, 2, 1, 1, 1, 1, 1, 0, 0, 0, 0, 0, 0, 0
0.838095238095
{0: 3150, 3151, 3152, 2996, 2998, 2999, 3162, 1: 2988, 2989, 2990, 2991, 2992, 2010, 2: 200, 252, 2052}
graph 10
0.372130102041
200, 252, 2000, 2052, 2187, 2703, 2860, 3192, 3194, 3196, 3198, 3199, 3200, 3201, 3203, 3204, 3205, 3207, 3208, 3211, 3212, 3712, 3813
2, 0, 7, 1, 3, 0, 0, 2, 0, 0, 2, 0, 4, 0, 1, 1, 5, 0, 6, 1, 1, 3, 4
0.625
{0: 3201, 3207, 3196, 2860, 2703, 3194, 252, 3199, 1: 3211, 3212, 3203, 3204, 2052, 2: 200, 3192, 3198, 3: 3712, 2187, 4: 3200, 3813, 5: 3205, 6: 3208, 7: 2000}
graph 11
0.459775086505
208, 2187, 2244, 2703, 2838, 2844, 2849, 3213, 3214, 3216, 3221, 3222, 3223, 3224, 3225, 3242, 3243, 3263
0, 2, 0, 1, 2, 0, 0, 2, 1, 3, 0, 0, 1, 3, 1, 0, 0, 1
0.826785714286
{0: 2849, 2244, 3242, 3243, 208, 3221, 3222, 2844, 1: 3225, 3223, 2703, 3214, 3263, 2: 2187, 3213, 2838, 3: 3216, 3224}
graph 12
0.501784651993
200, 2850, 2871, 2876, 2877, 2878, 2885, 3264, 3265, 3266, 3370, 3374, 3386, 3400, 3401, 3403, 3414, 3712, 3820
1, 3, 1, 2, 2, 2, 3, 1, 1, 1, 0, 0, 0, 0, 0, 0, 0, 4, 5
0.642857142857
{0: 3400, 3401, 3370, 3403, 3374, 3414, 3386, 1: 3264, 200, 3266, 2871, 3265, 2: 2876, 2877, 2878, 3: 2850, 2885, 4: 3712, 5: 3820}
graph 13
0.134339686288
200, 2627, 2628, 2885, 2997, 3153, 3230, 3372, 3414, 3415, 3416, 3418, 3420, 3421, 3422, 3428, 3430
3, 2, 2, 2, 3, 4, 4, 1, 0, 0, 0, 0, 1, 1, 5, 0, 1
0.833333333333
{0: 3416, 3418, 3428, 3414, 3415, 1: 3372, 3420, 3421, 3430, 2: 2627, 2628, 2885, 3: 200, 2997, 4: 3153, 3230, 5: 3422}
graph 14
0.2136
200, 414, 3155, 3161, 3230, 3503, 3506, 3507, 3508, 3509, 3510, 3716, 3822
3, 2, 1, 1, 3, 0, 0, 0, 0, 0, 0, 2, 0
0.964285714286
{0: 3822, 3503, 3506, 3507, 3508, 3509, 3510, 1: 3161, 3155, 2: 3716, 414, 3: 200, 3230}
graph 15
0.0
3195, 3511, 3512, 3513, 3514, 3859
0, 0, 0, 0, 0, 0
0.6
{0: 3859, 3511, 3512, 3513, 3514, 3195}
graph 16
0.0795454545455
51, 3195, 3197, 3202, 3209, 3515, 3516, 3517, 3518, 3519, 3868
1, 2, 3, 0, 1, 0, 0, 0, 0, 0, 0
0.452380952381
{0: 3202, 3516, 3515, 3868, 3517, 3518, 3519, 1: 3209, 51, 2: 3195, 3: 3197}
graph 17
0.0
3519, 3520, 3521, 3522
0, 0, 0, 0
0.833333333333
{0: 3520, 3521, 3522, 3519}
graph 18
0.0789473684211
51, 3218, 3522, 3523, 3524, 3525, 3706
1, 1, 0, 0, 0, 0, 2
0.666666666667
{0: 3522, 3523, 3524, 3525, 1: 3218, 51, 2: 3706}
graph 19
0.448979591837
4, 3154, 3402, 3526, 3527, 3542, 3707, 3822, 3826
0, 2, 2, 1, 1, 3, 0, 3, 4
0.8
{0: 3707, 4, 1: 3526, 3527, 2: 3402, 3154, 3: 3542, 3822, 4: 3826}
graph 20
0.33950617284
50, 3193, 3402, 3445, 3704, 3710, 3711, 3713, 3802
0, 0, 1, 1, 2, 0, 0, 3, 2
0.75
{0: 3193, 50, 3710, 3711, 1: 3402, 3445, 2: 3704, 3802, 3: 3713}
graph 21
0.400826446281
50, 3229, 3714, 3715, 3720, 3721, 3722, 3800, 3802
3, 2, 1, 1, 0, 0, 0, 2, 0
0.75
{0: 3720, 3721, 3802, 3722, 1: 3714, 3715, 2: 3800, 3229, 3: 50}
graph 22
0.333333333333
50, 1374, 3229, 3373, 3801, 3805, 3806
1, 1, 0, 0, 2, 2, 3
0.75
{0: 3373, 3229, 1: 50, 1374, 2: 3801, 3805, 3: 3806}
graph 23
0.319444444444
3807, 3811, 3812, 3814, 3821, 3824, 3826, 3856, 3857
0, 0, 1, 1, 0, 1, 0, 2, 2
0.888888888889
{0: 3826, 3811, 3821, 3807, 1: 3824, 3812, 3814, 2: 3856, 3857}
graph 24
0.47520661157
51, 3825, 3827, 3828, 3835, 3836, 3837, 3857, 3858, 3872
1, 0, 0, 1, 0, 2, 2, 1, 0, 3
0.75
{0: 3825, 3858, 3827, 3835, 1: 3857, 51, 3828, 2: 3836, 3837, 3: 3872}
graph 25
0.205075445816
418, 607, 3375, 3405, 3827, 3837, 3850, 3851, 3852, 3853, 3854, 3855
0, 1, 1, 1, 3, 0, 2, 0, 0, 0, 0, 2
0.75
{0: 418, 3851, 3852, 3853, 3854, 3837, 1: 607, 3405, 3375, 2: 3850, 3855, 3: 3827}
graph 26
0.0
3862, 3863
0, 0
1.0
{0: 3862, 3863}
graph 27
0.0
3861, 3873
0, 0
1.0
{0: 3873, 3861}
graph 28
0.0
3411, 3413, 3874, 3875, 3876, 3877
0, 0, 0, 0, 0, 0
0.466666666667
{0: 3874, 3875, 3876, 3877, 3411, 3413}
graph 29
0.0
414, 3879, 3880, 3881, 3882
0, 0, 0, 0, 0
1.0
{0: 3880, 3881, 3882, 414, 3879}
graph 30
0.0
7, 420, 3429, 3883, 3885, 3886, 3887
0, 0, 0, 0, 0, 0, 0
0.571428571429
{0: 420, 3429, 7, 3883, 3885, 3886, 3887}
graph 31
0.0
504, 505, 523, 603
0, 0, 0, 0
0.666666666667
{0: 504, 505, 603, 523}
graph 32
0.402777777778
603, 605, 606, 608, 614, 621, 633
0, 2, 0, 0, 1, 1, 2
1.0
{0: 608, 603, 606, 1: 621, 614, 2: 633, 605}
GN
0.0
4, 7, 20, 22, 26, 50, 51, 53, 125, 148, 173, 185, 200, 203, 208, 235, 246, 252, 253, 258, 259, 262, 266, 339, 414, 418, 420, 421, 504, 505, 518, 523, 603, 604, 605, 606, 607, 608, 613, 614, 617, 621, 622, 633, 634, 1006, 1008, 1013, 1021, 1023, 1024, 1042, 1058, 1062, 1066, 1073, 1077, 1079, 1091, 1097, 1098, 1099, 1100, 1101, 1112, 1114, 1117, 1124, 1138, 1155, 1156, 1157, 1173, 1193, 1197, 1208, 1214, 1215, 1225, 1226, 1238, 1278, 1284, 1285, 1286, 1295, 1300, 1301, 1302, 1303, 1305, 1306, 1307, 1308, 1321, 1344, 1345, 1346, 1347, 1350, 1363, 1369, 1374, 1423, 1448, 1452, 1603, 1604, 1614, 1687, 1693, 1694, 1695, 1696, 1698, 1701, 1702, 1703, 1705, 1706, 1707, 1708, 1709, 1710, 1711, 1742, 1745, 1746, 1749, 1783, 1785, 1786, 1787, 1788, 1789, 1790, 1792, 1793, 1796, 1797, 2000, 2001, 2002, 2006, 2007, 2008, 2009, 2010, 2018, 2019, 2020, 2021, 2022, 2023, 2024, 2025, 2028, 2029, 2030, 2032, 2033, 2034, 2035, 2036, 2037, 2038, 2041, 2042, 2049, 2052, 2079, 2088, 2089, 2090, 2091, 2092, 2093, 2104, 2121, 2122, 2123, 2124, 2180, 2181, 2186, 2187, 2215, 2216, 2244, 2328, 2331, 2332, 2339, 2340, 2371, 2372, 2610, 2612, 2625, 2626, 2627, 2628, 2703, 2704, 2725, 2731, 2732, 2838, 2839, 2840, 2841, 2842, 2843, 2844, 2845, 2846, 2847, 2848, 2849, 2850, 2852, 2853, 2854, 2855, 2856, 2857, 2858, 2859, 2860, 2861, 2862, 2863, 2864, 2865, 2866, 2867, 2869, 2870, 2871, 2873, 2874, 2875, 2876, 2877, 2878, 2885, 2984, 2985, 2986, 2987, 2988, 2989, 2990, 2991, 2992, 2996, 2997, 2998, 2999, 3150, 3151, 3152, 3153, 3154, 3155, 3161, 3162, 3192, 3193, 3194, 3195, 3196, 3197, 3198, 3199, 3200, 3201, 3202, 3203, 3204, 3205, 3207, 3208, 3209, 3210, 3211, 3212, 3213, 3214, 3216, 3218, 3219, 3221, 3222, 3223, 3224, 3225, 3229, 3230, 3231, 3242, 3243, 3263, 3264, 3265, 3266, 3360, 3370, 3371, 3372, 3373, 3374, 3375, 3386, 3400, 3401, 3402, 3403, 3404, 3405, 3411, 3413, 3414, 3415, 3416, 3417, 3418, 3419, 3420, 3421, 3422, 3427, 3428, 3429, 3430, 3445, 3503, 3505, 3506, 3507, 3508, 3509, 3510, 3511, 3512, 3513, 3514, 3515, 3516, 3517, 3518, 3519, 3520, 3521, 3522, 3523, 3524, 3525, 3526, 3527, 3542, 3704, 3706, 3707, 3710, 3711, 3712, 3713, 3714, 3715, 3716, 3717, 3718, 3720, 3721, 3722, 3800, 3801, 3802, 3803, 3805, 3806, 3807, 3810, 3811, 3812, 3813, 3814, 3820, 3821, 3822, 3823, 3824, 3825, 3826, 3827, 3828, 3835, 3836, 3837, 3850, 3851, 3852, 3853, 3854, 3855, 3856, 3857, 3858, 3859, 3860, 3861, 3862, 3863, 3864, 3866, 3867, 3868, 3869, 3870, 3871, 3872, 3873, 3874, 3875, 3876, 3877, 3878, 3879, 3880, 3881, 3882, 3883, 3884, 3885, 3886, 3887
0, 0, 0, 0, 0, 0, 0, 0, 0, 0, 0, 0, 0, 0, 0, 0, 0, 0, 0, 0, 0, 0, 0, 0, 0, 0, 0, 0, 0, 0, 0, 0, 0, 0, 0, 0, 0, 0, 0, 0, 0, 0, 0, 0, 0, 0, 0, 0, 0, 0, 0, 0, 0, 0, 0, 0, 0, 0, 0, 0, 0, 0, 0, 0, 0, 0, 0, 0, 0, 0, 0, 0, 0, 0, 0, 0, 0, 0, 0, 0, 0, 0, 0, 0, 0, 0, 0, 0, 0, 0, 0, 0, 0, 0, 0, 0, 0, 0, 0, 0, 0, 0, 0, 0, 0, 0, 0, 0, 0, 0, 0, 0, 0, 0, 0, 0, 0, 0, 0, 0, 0, 0, 0, 0, 0, 0, 0, 0, 0, 0, 0, 0, 0, 0, 0, 0, 0, 0, 0, 0, 0, 0, 0, 0, 0, 0, 0, 0, 0, 0, 0, 0, 0, 0, 0, 0, 0, 0, 0, 0, 0, 0, 0, 0, 0, 0, 0, 0, 0, 0, 0, 0, 0, 0, 0, 0, 0, 0, 0, 0, 0, 0, 0, 0, 0, 0, 0, 0, 0, 0, 0, 0, 0, 0, 0, 0, 0, 0, 0, 0, 0, 0, 0, 0, 0, 0, 0, 0, 0, 0, 0, 0, 0, 0, 0, 0, 0, 0, 0, 0, 0, 0, 0, 0, 0, 0, 0, 0, 0, 0, 0, 0, 0, 0, 0, 0, 0, 0, 0, 0, 0, 0, 0, 0, 0, 0, 0, 0, 0, 0, 0, 0, 0, 0, 0, 0, 0, 0, 0, 0, 0, 0, 0, 0, 0, 0, 0, 0, 0, 0, 0, 0, 0, 0, 0, 0, 0, 0, 0, 0, 0, 0, 0, 0, 0, 0, 0, 0, 0, 0, 0, 0, 0, 0, 0, 0, 0, 0, 0, 0, 0, 0, 0, 0, 0, 0, 0, 0, 0, 0, 0, 0, 0, 0, 0, 0, 0, 0, 0, 0, 0, 0, 0, 0, 0, 0, 0, 0, 0, 0, 0, 0, 0, 0, 0, 0, 0, 0, 0, 0, 0, 0, 0, 0, 0, 0, 0, 0, 0, 0, 0, 0, 0, 0, 0, 0, 0, 0, 0, 0, 0, 0, 0, 0, 0, 0, 0, 0, 0, 0, 0, 0, 0, 0, 0, 0, 0, 0, 0, 0, 0, 0, 0, 0, 0, 0, 0, 0, 0, 0, 0, 0, 0, 0, 0, 0, 0, 0, 0, 0, 0, 0, 0, 0, 0, 0, 0, 0, 0, 0, 0, 0, 0, 0, 0, 0, 0, 0, 0, 0, 0, 0, 0, 0, 0, 0, 0, 0, 0, 0, 0, 0, 0, 0, 0, 0, 0
1.0
{0: 4, 7, 20, 22, 26, 50, 51, 53, 125, 148, 173, 185, 200, 203, 208, 235, 246, 252, 253, 258, 259, 262, 266, 339, 414, 418, 420, 421, 504, 505, 518, 523, 603, 604, 605, 606, 607, 608, 613, 614, 617, 621, 622, 633, 634, 1006, 1008, 1013, 1021, 1023, 1024, 1042, 1058, 1062, 1066, 1073, 1077, 1079, 1091, 1097, 1098, 1099, 1100, 1101, 1112, 1114, 1117, 1124, 1138, 1155, 1156, 1157, 1173, 1193, 1197, 1208, 1214, 1215, 1225, 1226, 1238, 1278, 1284, 1285, 1286, 1295, 1300, 1301, 1302, 1303, 1305, 1306, 1307, 1308, 1321, 1344, 1345, 1346, 1347, 1350, 1363, 1369, 1374, 1423, 1448, 1452, 1603, 1604, 1614, 1687, 1693, 1694, 1695, 1696, 1698, 1701, 1702, 1703, 1705, 1706, 1707, 1708, 1709, 1710, 1711, 1742, 1745, 1746, 1749, 1783, 1785, 1786, 1787, 1788, 1789, 1790, 1792, 1793, 1796, 1797, 2000, 2001, 2002, 2006, 2007, 2008, 2009, 2010, 2018, 2019, 2020, 2021, 2022, 2023, 2024, 2025, 2028, 2029, 2030, 2032, 2033, 2034, 2035, 2036, 2037, 2038, 2041, 2042, 2049, 2052, 2079, 2088, 2089, 2090, 2091, 2092, 2093, 2104, 2121, 2122, 2123, 2124, 2180, 2181, 2186, 2187, 2215, 2216, 2244, 2328, 2331, 2332, 2339, 2340, 2371, 2372, 2610, 2612, 2625, 2626, 2627, 2628, 2703, 2704, 2725, 2731, 2732, 2838, 2839, 2840, 2841, 2842, 2843, 2844, 2845, 2846, 2847, 2848, 2849, 2850, 2852, 2853, 2854, 2855, 2856, 2857, 2858, 2859, 2860, 2861, 2862, 2863, 2864, 2865, 2866, 2867, 2869, 2870, 2871, 2873, 2874, 2875, 2876, 2877, 2878, 2885, 2984, 2985, 2986, 2987, 2988, 2989, 2990, 2991, 2992, 2996, 2997, 2998, 2999, 3150, 3151, 3152, 3153, 3154, 3155, 3161, 3162, 3192, 3193, 3194, 3195, 3196, 3197, 3198, 3199, 3200, 3201, 3202, 3203, 3204, 3205, 3207, 3208, 3209, 3210, 3211, 3212, 3213, 3214, 3216, 3218, 3219, 3221, 3222, 3223, 3224, 3225, 3229, 3230, 3231, 3242, 3243, 3263, 3264, 3265, 3266, 3360, 3370, 3371, 3372, 3373, 3374, 3375, 3386, 3400, 3401, 3402, 3403, 3404, 3405, 3411, 3413, 3414, 3415, 3416, 3417, 3418, 3419, 3420, 3421, 3422, 3427, 3428, 3429, 3430, 3445, 3503, 3505, 3506, 3507, 3508, 3509, 3510, 3511, 3512, 3513, 3514, 3515, 3516, 3517, 3518, 3519, 3520, 3521, 3522, 3523, 3524, 3525, 3526, 3527, 3542, 3704, 3706, 3707, 3710, 3711, 3712, 3713, 3714, 3715, 3716, 3717, 3718, 3720, 3721, 3722, 3800, 3801, 3802, 3803, 3805, 3806, 3807, 3810, 3811, 3812, 3813, 3814, 3820, 3821, 3822, 3823, 3824, 3825, 3826, 3827, 3828, 3835, 3836, 3837, 3850, 3851, 3852, 3853, 3854, 3855, 3856, 3857, 3858, 3859, 3860, 3861, 3862, 3863, 3864, 3866, 3867, 3868, 3869, 3870, 3871, 3872, 3873, 3874, 3875, 3876, 3877, 3878, 3879, 3880, 3881, 3882, 3883, 3884, 3885, 3886, 3887}
