4,4
4,4429
4,3694
4,3694
5,5
5,839
5,3667
12,1240
12,1240
12,12
12,12
13,3255
13,13
13,13
19,2376
19,481
23,299
23,3030
23,3030
32,32
32,32
32,32
32,32
39,4643
39,1170
39,39
54,1199
66,2829
66,1091
66,66
67,2297
67,287
67,2578
67,2375
71,71
71,5057
75,1369
80,80
80,80
83,1189
83,83
84,1774
84,3648
84,84
90,1692
92,1704
92,2773
103,1105
103,103
103,103
103,103
103,103
103,177
103,177
103,2694
103,2694
104,4978
104,4978
104,3322
104,3322
104,3322
104,5272
104,104
104,104
106,2168
106,678
106,2614
106,2876
106,2876
110,110
110,110
117,3082
117,3082
117,117
117,117
119,119
119,119
119,119
119,119
119,2925
120,3879
120,3470
120,2694
120,2242
122,122
122,122
123,398
123,123
123,123
123,123
123,123
123,3689
124,384
124,384
125,3768
129,129
129,481
133,2131
133,526
134,134
134,4591
134,1589
134,3952
134,5253
142,142
142,142
144,610
144,2897
163,2077
163,1210
163,3553
163,3591
166,3332
177,2694
179,179
179,179
179,179
179,179
179,179
179,179
180,4145
182,3332
182,3332
182,3332
183,3197
183,4651
192,1442
194,194
194,4437
205,205
205,989
205,376
205,2962
210,4522
210,210
210,210
210,210
210,210
210,210
210,210
216,3462
216,3462
216,4189
216,2422
216,2587
216,216
225,4402
225,4269
230,4713
230,3668
230,2838
230,230
230,4367
230,5060
230,4494
234,461
234,2800
238,1075
238,2714
238,238
249,2619
249,3345
249,1113
249,2689
249,4347
249,388
251,4472
251,1345
251,1345
251,1345
251,1345
251,5170
251,2695
251,2695
251,3770
251,3770
251,3988
251,3988
251,1522
251,1522
251,1522
251,1522
251,976
251,976
251,976
251,976
251,976
251,976
251,976
251,976
251,976
251,976
251,4767
251,4767
251,1065
251,1065
251,1065
251,1065
251,1065
251,1065
251,1065
251,1065
251,1065
251,1065
251,5261
251,1148
251,1148
251,5035
251,5035
251,2160
251,2160
251,2160
251,4482
251,4482
251,3333
251,3333
251,3333
251,3333
251,3333
251,3333
254,254
254,254
254,254
254,254
254,4887
254,4887
254,282
255,255
255,255
256,3422
256,3422
256,3422
256,4508
256,4508
256,4508
260,260
260,260
260,4219
267,267
267,267
273,273
273,273
274,3306
274,274
274,274
274,4297
276,1175
279,398
279,2616
279,2616
279,2616
279,1315
279,4504
279,279
279,279
279,279
279,279
279,279
279,279
281,281
281,281
282,4887
287,2297
287,2578
287,2375
291,1835
292,2353
292,2353
292,2497
292,2497
292,2497
292,2497
292,292
292,2318
294,294
294,1192
294,301
295,295
295,295
299,3030
301,1192
307,2743
308,3619
308,1944
308,308
308,308
309,3186
309,3186
309,4610
309,4610
309,309
309,309
309,309
309,309
309,309
309,309
309,309
309,309
309,309
309,309
309,309
309,1681
323,3468
323,2438
323,4547
327,482
336,4926
336,4600
336,336
342,342
342,342
343,5074
345,345
345,345
345,345
345,345
345,2023
345,2023
356,1852
356,1852
356,1627
356,1627
366,3808
366,366
367,2831
367,4074
369,4569
369,4569
369,3811
369,3811
369,4415
369,4415
376,989
376,2962
377,2439
377,2105
379,379
379,379
379,379
379,379
379,379
379,379
379,379
379,379
379,379
379,379
379,379
379,379
379,379
379,379
379,379
379,379
384,384
384,384
384,384
384,384
384,384
384,384
384,4056
388,3345
388,2619
388,2619
388,1113
388,2689
388,388
388,4347
389,389
389,389
398,2964
398,398
398,398
398,398
398,398
398,398
398,398
398,398
398,398
398,398
398,398
398,2616
398,2616
398,1315
398,4504
398,4504
398,914
398,3672
402,402
402,402
402,402
402,402
408,408
408,408
410,2751
410,4007
422,2341
430,4565
434,3182
434,3182
434,434
434,434
437,1698
445,3943
445,635
445,2980
445,2980
445,2980
445,2980
445,2419
446,3933
446,1520
448,1030
448,4939
448,4549
448,448
448,2904
448,2904
452,4284
452,3810
452,3810
452,452
452,452
457,457
457,457
457,1498
459,762
459,4133
461,461
461,2800
462,640
462,1650
467,467
467,467
467,467
467,467
467,467
467,467
467,467
467,467
467,467
467,467
467,467
467,467
478,2213
478,4625
478,491
478,4730
481,2376
482,482
486,743
491,2213
491,4625
491,2332
491,491
491,491
491,491
491,4730
491,2207
495,495
495,495
497,5038
497,5038
497,3302
497,3302
500,3610
500,500
507,2060
507,507
514,3506
514,2981
514,514
516,1088
516,2545
516,4288
516,1115
516,5014
524,524
524,843
524,843
524,4604
526,1184
526,3414
526,2410
526,4010
526,2020
526,4593
526,2131
526,2131
530,530
530,530
534,534
534,534
534,3161
534,3161
540,540
540,540
540,540
540,540
541,5036
544,3962
548,548
548,4416
552,1961
552,552
552,5185
552,4287
564,564
564,2509
564,1032
577,2101
577,3704
592,3079
592,592
592,5002
593,4047
598,3365
598,2331
598,3761
600,600
600,600
606,606
606,606
610,2897
610,610
615,4213
615,615
615,615
615,615
616,3618
616,3618
616,616
616,616
616,2706
616,2706
618,618
618,618
620,620
620,620
621,839
621,839
621,4385
629,649
633,633
633,633
634,634
634,634
635,2980
640,640
640,1650
645,4597
649,1571
649,649
649,649
649,649
649,649
654,4558
654,4475
654,1665
654,1513
654,2925
656,3745
656,656
662,2708
662,2708
662,4676
662,4676
665,3924
665,4069
678,2614
678,2876
689,689
689,863
692,4439
692,692
692,692
692,692
692,692
692,2458
692,2458
692,2896
692,2333
694,2914
694,694
694,4310
706,2815
706,1985
706,706
707,2774
707,2774
707,707
707,707
729,4514
732,732
732,732
735,4514
739,739
739,739
739,739
739,739
739,739
739,739
743,743
762,4133
764,1368
764,764
764,764
764,764
764,764
764,764
764,764
764,764
764,764
767,767
767,3523
767,4146
772,772
772,772
772,772
772,4291
773,4081
773,3069
777,777
777,777
783,4713
783,4966
783,3008
783,1945
783,2966
811,4613
811,2669
811,811
813,3222
815,2897
815,815
815,815
815,1576
823,4323
823,4681
826,826
826,826
826,3231
826,3231
839,839
839,839
839,3667
839,2718
839,4385
840,1486
840,1486
840,936
840,936
843,4604
853,4684
853,853
853,1400
860,966
860,1534
860,860
860,1525
862,3005
862,2018
862,2029
863,863
863,863
863,917
869,5004
869,5198
869,3110
869,1257
873,2176
873,873
906,906
906,906
906,906
906,906
914,914
917,917
917,917
917,917
920,920
920,920
920,920
920,920
920,920
920,920
920,920
920,2106
928,928
928,928
928,928
928,928
935,935
935,935
936,1486
936,1486
938,1332
938,2411
950,950
950,950
952,1860
952,952
953,953
953,953
953,953
953,953
959,2194
959,5184
959,5184
959,959
961,4464
961,1981
961,1981
965,965
965,965
966,1525
966,1534
973,3959
973,2545
976,1345
976,1345
976,1345
976,1345
976,3770
976,3770
976,3988
976,3988
976,1522
976,1522
976,1522
976,976
976,976
976,976
976,976
976,976
976,976
976,976
976,976
976,976
976,976
976,4767
976,4767
976,5170
976,1065
976,1065
976,1065
976,1065
976,1065
976,1065
976,1065
976,5261
976,4472
976,5035
976,5035
976,2160
976,2160
976,2160
976,3333
976,3333
976,3333
976,3333
976,3333
976,3333
977,977
977,977
984,4171
988,2335
988,988
988,3118
988,4645
989,2962
1001,3930
1001,4722
1001,1001
1013,1013
1013,1013
1013,3380
1013,1158
1020,3913
1020,3054
1020,1020
1029,1029
1029,1029
1029,4215
1029,2976
1030,1030
1030,4549
1030,2904
1032,2509
1046,1046
1046,1046
1056,3177
1056,3177
1056,3177
1065,1148
1065,1148
1065,1148
1065,3770
1065,3770
1065,1065
1065,1065
1065,3988
1065,3988
1065,4472
1065,1522
1065,1522
1065,1522
1065,1522
1065,3333
1065,3333
1065,3333
1065,3333
1065,3333
1065,5170
1065,4482
1065,4482
1065,4482
1065,1345
1065,1345
1065,2160
1065,2160
1065,2160
1065,4767
1065,4767
1065,5261
1066,1066
1066,1066
1066,1066
1066,1066
1066,1066
1066,1066
1072,2730
1072,3635
1075,2714
1085,3395
1085,1085
1088,2545
1088,4288
1088,1115
1088,5014
1089,2927
1091,2829
1091,2829
1092,4260
1092,4260
1096,1096
1096,5029
1101,1101
1101,2437
1105,1105
1105,1105
1105,1105
1105,1105
1105,3927
1105,3927
1105,3757
1105,3757
1113,3345
1113,2619
1113,2689
1113,4347
1115,2545
1115,4288
1115,5014
1118,1118
1118,1118
1120,1316
1120,1316
1120,1120
1120,1120
1120,1120
1120,2394
1120,2394
1120,2394
1120,3178
1128,4525
1128,1128
1128,2444
1134,5095
1134,1134
1137,3335
1137,3335
1137,3335
1137,3730
1137,1137
1137,1137
1137,1554
1139,4412
1147,1245
1147,3482
1147,2329
1148,4482
1148,4482
1148,4482
1148,1148
1148,1148
1148,1148
1152,4338
1152,2581
1152,1152
1161,1498
1167,4161
1168,1168
1168,1168
1175,1175
1176,1878
1176,1899
1176,1899
1179,1179
1179,1179
1184,3414
1184,2410
1184,2020
1184,4593
1184,4010
1189,1189
1189,1189
1189,1189
1189,1189
1192,2946
1192,1192
1192,1192
1192,1192
1192,1880
1192,2211
1192,1622
1199,1199
1199,1199
1199,1199
1200,1200
1200,1200
1210,2077
1210,3553
1210,3591
1229,1229
1229,5103
1234,4966
1234,3613
1234,2437
1234,1271
1234,3555
1239,1274
1239,1239
1239,4110
1240,1240
1240,1240
1244,1244
1244,3752
1245,3482
1245,2329
1245,2177
1245,1245
1245,1245
1245,1245
1246,4001
1257,5004
1257,5198
1257,3110
1269,3666
1269,5184
1269,5184
1269,1269
1269,1269
1271,1271
1271,2437
1271,4966
1271,3555
1271,3613
1273,1593
1274,4110
1285,1285
1285,1285
1285,1285
1285,1285
1288,4708
1288,1288
1290,1498
1296,1296
1296,1296
1299,2433
1300,4625
1300,4625
1300,4891
1300,4891
1300,1300
1300,1300
1306,3439
1306,3615
1306,3615
1306,1306
1306,1306
1306,1306
1309,3416
1309,1309
1309,1469
1309,4573
1312,1312
1312,1312
1312,1312
1312,1312
1312,1312
1312,1312
1315,2616
1315,4504
1315,1315
1316,2394
1316,2394
1316,1316
1316,1316
1316,1316
1316,1316
1316,2748
1323,1323
1323,3435
1324,1598
1324,1324
1324,1324
1324,1324
1332,2411
1334,2454
1334,2454
1334,3250
1334,3250
1334,1428
1334,1428
1339,2585
1341,1341
1341,1341
1345,3770
1345,3770
1345,3988
1345,3988
1345,5035
1345,5035
1345,1522
1345,1522
1345,3333
1345,3333
1345,3333
1345,2160
1353,1353
1353,1353
1359,1359
1359,3898
1360,1360
1360,1360
1366,4608
1366,3543
1368,1368
1368,1368
1368,1368
1368,1368
1368,2762
1369,1369
1375,1375
1375,3242
1378,1847
1394,4349
1394,1394
1394,3927
1399,5130
1400,1400
1421,4903
1421,2332
1421,2207
1422,1422
1422,1422
1423,2238
1423,2238
1428,2454
1428,2454
1428,3250
1428,3250
1438,1438
1438,1438
1442,1442
1446,1446
1446,2629
1460,2344
1460,1460
1460,1460
1460,1883
1464,3930
1464,1672
1464,4722
1469,3416
1469,1469
1469,1469
1469,1469
1469,1469
1469,4573
1470,5026
1470,5026
1470,1531
1470,1531
1470,1863
1477,3841
1486,1486
1486,1486
1493,1493
1493,2326
1496,5123
1496,1496
1497,1739
1497,1497
1498,2439
1498,1498
1498,1498
1498,1498
1498,1498
1498,1498
1498,1498
1498,1498
1498,1498
1498,4071
1509,2019
1509,1509
1513,1665
1513,5123
1513,4190
1513,4475
1513,4558
1513,1513
1513,1513
1513,2925
1513,2925
1513,2925
1513,2925
1518,1518
1518,1518
1518,1518
1518,1518
1520,3933
1520,1520
1522,3770
1522,3770
1522,3988
1522,3988
1522,3333
1522,3333
1522,1522
1522,2160
1522,2160
1525,1534
1525,1534
1525,1525
1529,1529
1529,1529
1531,5026
1531,5026
1531,1531
1531,1531
1531,1863
1541,1541
1541,2111
1541,2925
1546,3677
1546,1546
1546,3720
1549,3979
1549,4776
1550,2897
1550,4926
1550,2291
1550,1550
1550,3847
1554,3335
1565,1565
1565,1565
1575,1575
1575,1575
1576,1576
1579,4551
1581,2978
1581,1581
1581,1581
1582,1582
1582,1582
1583,1583
1583,2909
1584,3297
1584,1584
1587,1587
1587,1587
1589,3952
1589,3952
1589,4591
1589,5253
1589,1589
1590,4161
1590,2860
1591,5242
1591,3205
1593,2392
1593,2519
1593,1593
1593,1593
1594,3477
1598,2708
1598,2708
1598,4676
1598,4676
1600,1600
1600,1600
1604,4071
1604,4071
1604,1910
1606,4822
1606,4822
1606,4822
1606,5225
1606,5225
1606,5225
1606,1606
1606,1606
1606,1606
1621,1621
1621,1621
1622,2211
1622,2211
1622,3477
1623,4614
1623,4614
1627,1852
1627,1852
1627,1627
1627,1627
1636,2313
1636,1636
1639,1639
1639,1639
1649,3710
1663,1663
1663,1663
1663,1663
1663,1663
1663,1663
1663,1663
1663,5029
1663,2007
1663,3738
1665,4558
1665,4475
1665,2925
1672,3930
1672,1672
1672,4722
1673,4862
1673,1673
1680,1680
1680,1680
1686,1686
1686,1686
1686,1686
1686,3548
1692,1692
1692,1692
1692,1692
1698,1698
1699,1699
1699,1699
1699,1699
1699,1699
1704,2773
1704,1704
1704,1704
1711,4503
1714,1714
1714,1714
1714,1714
1714,3672
1719,3165
1719,2847
1741,3525
1745,1745
1745,1745
1745,1745
1745,1745
1751,1751
1751,1751
1755,3132
1755,3132
1755,3132
1755,1755
1755,2288
1757,1757
1757,1757
1771,1771
1771,1771
1771,1771
1771,1771
1774,3648
1774,4616
1776,1776
1776,1776
1776,1776
1776,1776
1776,1776
1776,1776
1776,1776
1776,4286
1787,1787
1787,1787
1794,2662
1794,4444
1794,4444
1796,1796
1796,1796
1805,1805
1805,4356
1835,1835
1844,1844
1844,1844
1845,1845
1845,3825
1845,3720
1847,1847
1858,1858
1858,1858
1858,2262
1859,1859
1859,1859
1863,5026
1870,4898
1878,1878
1878,1899
1879,1879
1879,1879
1880,2946
1883,2344
1883,1883
1893,2091
1893,2091
1893,2742
1893,2742
1893,3286
1893,3286
1899,1899
1901,1901
1901,1901
1904,1904
1904,1904
1907,1907
1907,1907
1907,1907
1907,2426
1910,4071
1910,4071
1910,4071
1910,4071
1910,4071
1942,3079
1942,1942
1945,4966
1945,4713
1945,2966
1945,3008
1953,1953
1953,1953
1953,3080
1954,5268
1954,5257
1957,4071
1957,1957
1961,5185
1961,4287
1978,2740
1978,1978
1981,4464
1981,1981
1981,1981
1985,4920
1985,2815
1985,1985
1985,1985
1985,1985
1985,1985
1985,1985
1985,1985
1990,4456
1990,4456
1990,4456
1990,1990
1990,1990
1990,4100
2007,2007
2011,2011
2011,2011
2011,2011
2011,2011
2018,3953
2018,2029
2018,3005
2020,3414
2020,2410
2020,4593
2020,4010
2023,4328
2023,2023
2023,2023
2023,2023
2023,2023
2023,4160
2026,3943
2026,2026
2029,2029
2029,3005
2032,2032
2032,2032
2032,2032
2032,2032
2032,3301
2033,4551
2033,3620
2042,5130
2047,3700
2047,4428
2056,2056
2056,3641
2067,2067
2067,2067
2067,2067
2067,2067
2077,2077
2077,2656
2077,3553
2077,3591
2078,3758
2081,2081
2081,2081
2081,2569
2091,3286
2091,3286
2091,2742
2091,2742
2091,2091
2091,2091
2101,3704
2101,3448
2101,2139
2105,2439
2105,3961
2111,5123
2111,2925
2111,2925
2111,2925
2111,2925
2111,2925
2111,3412
2117,2117
2117,4213
2117,4659
2117,3370
2119,2119
2119,2119
2121,2121
2121,2121
2124,3056
2124,3179
2131,2131
2131,2131
2139,3448
2139,2139
2160,3770
2160,3988
2160,3333
2168,2876
2188,2188
2188,2188
2194,2194
2194,5184
2201,2201
2201,2201
2207,4903
2207,4903
2207,2332
2207,2332
2207,2332
2207,2332
2207,2332
2207,3348
2207,3507
2207,3507
2207,2207
2207,2207
2207,2207
2207,2207
2208,2208
2208,2208
2208,2208
2208,2208
2211,2211
2211,2211
2211,3477
2213,4625
2213,4730
2218,3870
2218,2218
2218,2218
2218,2218
2226,2607
2226,3731
2226,3917
2226,4716
2238,2238
2238,2238
2242,3470
2242,2242
2242,3879
2242,2694
2245,2245
2245,3759
2254,4267
2254,2736
2262,2262
2277,2277
2277,4127
2291,2291
2297,5123
2297,2375
2297,2578
2297,2297
2297,2297
2297,2297
2297,2297
2297,3412
2300,2300
2300,2300
2300,2300
2300,2300
2300,2300
2300,2300
2309,4966
2309,3136
2309,2309
2309,2309
2318,2497
2318,2318
2320,2320
2320,2320
2321,4237
2321,2321
2321,2644
2321,2644
2329,2329
2329,3482
2330,2330
2330,3738
2331,3365
2331,3761
2332,4903
2332,2332
2332,2332
2332,2332
2332,2332
2332,2332
2332,2332
2332,2332
2332,3507
2332,3507
2333,4439
2333,2458
2335,3118
2335,4645
2340,2340
2340,2340
2341,2341
2344,2344
2344,3475
2353,2497
2353,2497
2353,2353
2353,2353
2355,3186
2355,2916
2358,5043
2358,5043
2358,5043
2360,2360
2360,2360
2360,2360
2360,2360
2362,2362
2362,2362
2362,2362
2362,2362
2362,2362
2362,2362
2375,2375
2375,2578
2376,3458
2376,2376
2386,4598
2392,2519
2394,3178
2397,2397
2397,2397
2410,3414
2410,4593
2410,4010
2411,2411
2419,3943
2419,2419
2422,3462
2422,3801
2422,2422
2422,2422
2422,2422
2432,2432
2432,2432
2432,2432
2432,2432
2432,4344
2433,2433
2437,2437
2437,2437
2437,4966
2437,3555
2437,3613
2438,4547
2438,3468
2439,2439
2439,4071
2444,4525
2444,3404
2444,4136
2451,4609
2454,3250
2454,3250
2458,4439
2458,2896
2458,3980
2464,2464
2464,2464
2464,2464
2464,3086
2466,4805
2466,4728
2472,2597
2482,2482
2482,2482
2493,5090
2493,5090
2506,2506
2506,4172
2507,2507
2507,2507
2517,4151
2517,5117
2517,4632
2530,2530
2530,2530
2532,3348
2533,2533
2533,2533
2545,5014
2545,2545
2545,4288
2550,2550
2550,2550
2555,4516
2555,2555
2558,2558
2558,2745
2569,2569
2579,2579
2579,2579
2581,4338
2585,2585
2587,4189
2587,3092
2587,2587
2597,2597
2607,2607
2607,3731
2607,3917
2607,4716
2614,2876
2615,2964
2615,2615
2616,4504
2616,4504
2616,5071
2616,2616
2616,2616
2616,2616
2616,2616
2619,3345
2619,2689
2619,4347
2639,2639
2639,2639
2642,3854
2642,2642
2644,4237
2646,2646
2646,2646
2646,2646
2646,2646
2654,2654
2654,2654
2660,3666
2660,5184
2662,2662
2662,4444
2669,4613
2669,2669
2669,2669
2669,2669
2669,2669
2689,3345
2689,4347
2694,3470
2694,3879
2695,2695
2695,2695
2703,2703
2703,4759
2706,3618
2706,3618
2708,4676
2708,4676
2708,4676
2708,4676
2730,2730
2730,3635
2731,3976
2731,3976
2731,4772
2731,4772
2736,2736
2736,4267
2740,2740
2740,2740
2742,3286
2742,3286
2743,2743
2743,2743
2743,2743
2743,2743
2743,2743
2743,2743
2743,5279
2748,2748
2750,3665
2751,2751
2751,4007
2757,4166
2757,2757
2764,2764
2764,2764
2773,2773
2778,2778
2778,2778
2778,2778
2778,2778
2778,2778
2778,2778
2778,2778
2778,2778
2783,2783
2783,2783
2786,3726
2797,5018
2797,3610
2797,2797
2797,2797
2797,3878
2798,2798
2798,2798
2800,3079
2800,4224
2800,3365
2800,2800
2800,2800
2802,5204
2802,2802
2820,4001
2820,2820
2829,2829
2831,2831
2831,4074
2838,4713
2838,3668
2838,2838
2838,2838
2838,4367
2838,5060
2847,2847
2847,3165
2849,2849
2849,2849
2860,4161
2864,2864
2864,2864
2864,2864
2864,2864
2864,2864
2864,2864
2876,2876
2876,2876
2876,2876
2876,2876
2897,2897
2897,3847
2904,4549
2914,4310
2916,3186
2925,5123
2925,5123
2925,3412
2925,4475
2925,4558
2925,4558
2925,4190
2925,2925
2925,2925
2925,2925
2925,2925
2925,2925
2925,2925
2925,2925
2925,2925
2925,2925
2925,2925
2927,2927
2927,2927
2927,2927
2927,2927
2927,2927
2929,2929
2929,2929
2929,2929
2929,2929
2937,4917
2937,2937
2940,2940
2940,2940
2940,2940
2940,2940
2945,3365
2951,4966
2959,2959
2959,2959
2964,2964
2964,2964
2964,2964
2964,2964
2964,3672
2966,4713
2966,4966
2966,3008
2978,2978
2980,2980
2980,2980
2980,2980
2980,2980
2981,3506
3008,4713
3008,4713
3008,4713
3008,4713
3008,4966
3020,4933
3020,4177
3020,3020
3024,4128
3025,4272
3025,4272
3026,3660
3026,3026
3026,3026
3026,3026
3030,3030
3030,3030
3043,3043
3043,3043
3054,3913
3056,3056
3056,3179
3067,3067
3067,3067
3069,4081
3069,3069
3069,4625
3073,5206
3073,3659
3073,4416
3078,4093
3078,4268
3079,5002
3079,3079
3079,3079
3079,3079
3079,3079
3079,4224
3079,3365
3080,3481
3080,3080
3080,3080
3091,3979
3098,3098
3098,3098
3099,3099
3099,5057
3100,3100
3100,3100
3101,3101
3101,4416
3106,3106
3106,3106
3106,3106
3106,3106
3106,3106
3106,3106
3110,5004
3110,5198
3118,3335
3118,3118
3118,4645
3132,3132
3132,3132
3132,3132
3132,3132
3132,3132
3136,4966
3157,3589
3157,3717
3160,4798
3160,3160
3165,3165
3165,3165
3176,4762
3176,4134
3177,3177
3177,3177
3177,3177
3177,3177
3177,3177
3177,4648
3177,4648
3178,3178
3178,3178
3181,3181
3181,3181
3186,3186
3186,3186
3186,3186
3187,4980
3187,3187
3197,3197
3197,3197
3197,3197
3197,4651
3205,5242
3205,3205
3210,3575
3210,3592
3215,3215
3215,3215
3222,3487
3222,3222
3222,3222
3223,3463
3223,3463
3237,3237
3237,3568
3245,3245
3245,3245
3247,3247
3247,3247
3250,3250
3250,3250
3255,3255
3263,3582
3263,3582
3271,3271
3271,3271
3271,3271
3271,3271
3271,3271
3271,4953
3277,3897
3281,4449
3283,3283
3283,3283
3283,3283
3283,3283
3287,4424
3287,4424
3287,3287
3287,3633
3301,3301
3302,5038
3302,5038
3306,4297
3322,4978
3322,4978
3322,3322
3322,3322
3322,3322
3323,4476
3323,4476
3323,3323
3323,3323
3328,3328
3328,3328
3332,3332
3332,3332
3332,3332
3332,3332
3333,3770
3333,3770
3333,3988
3333,3988
3333,4472
3333,5035
3333,4767
3333,4767
3333,5170
3333,5261
3335,3730
3341,4352
3341,4352
3341,4352
3345,3345
3345,4347
3348,3348
3354,3354
3354,3354
3355,4144
3365,3761
3365,4224
3365,3365
3365,3365
3365,3365
3369,3369
3369,3369
3369,3369
3369,3369
3369,3842
3369,4740
3370,4332
3370,4213
3370,4659
3370,3929
3370,4895
3372,5077
3372,3372
3380,3924
3382,3382
3382,3382
3385,3385
3385,3385
3386,3386
3386,3386
3386,3386
3386,3386
3387,5087
3394,3394
3394,3394
3395,4760
3404,4136
3407,3767
3407,3767
3407,3691
3412,5123
3412,5123
3412,5123
3412,5123
3412,5123
3414,3414
3414,4593
3414,4010
3416,4573
3422,4508
3422,4508
3422,4508
3438,4989
3439,3439
3439,3439
3446,3446
3446,3446
3448,3448
3448,3448
3458,3458
3461,3461
3461,3461
3462,3462
3462,3462
3462,3462
3462,3462
3463,4870
3463,3463
3463,3463
3463,3463
3467,4551
3468,4547
3470,3879
3475,3475
3475,3475
3475,3475
3475,3475
3477,3477
3480,3480
3480,3480
3481,3622
3498,3498
3498,3498
3513,3513
3513,3513
3519,3581
3523,4146
3525,3525
3543,4608
3553,3591
3555,4966
3555,3613
3575,3592
3581,3581
3582,3582
3582,3582
3589,3717
3591,3591
3592,3592
3609,3609
3609,3609
3613,4966
3615,4916
3615,4916
3615,4916
3615,3615
3615,3615
3620,4551
3622,3622
3648,3648
3648,3648
3648,3648
3648,3648
3651,3651
3651,3651
3651,3651
3651,3651
3656,4084
3659,5206
3659,4416
3665,3665
3665,3665
3665,4810
3666,3666
3666,3666
3666,5184
3666,5184
3666,5184
3668,4713
3668,4367
3668,5060
3671,3671
3671,3671
3672,3672
3677,3720
3684,3684
3684,3684
3691,3767
3694,4429
3694,3694
3694,3694
3694,3694
3694,3694
3700,3700
3700,4428
3704,3704
3706,4869
3706,4869
3706,4338
3706,4338
3706,3839
3706,3839
3707,3707
3707,3707
3707,3707
3707,3707
3710,3710
3711,3711
3711,4483
3717,3717
3720,3825
3725,4989
3726,3726
3730,3730
3731,3917
3731,4716
3745,3745
3745,3745
3745,3745
3745,3745
3745,4025
3749,3749
3749,3749
3757,3927
3757,3927
3757,3757
3757,3757
3758,3758
3767,3767
3767,3767
3768,3768
3769,4700
3769,3769
3770,3988
3770,3988
3781,3781
3781,3781
3800,3800
3800,3800
3810,3810
3810,3810
3810,4736
3810,4284
3810,4433
3810,4145
3811,4569
3811,4569
3811,4415
3811,4415
3839,4869
3839,4869
3839,4338
3839,4338
3841,3841
3842,3842
3842,3842
3847,3847
3852,3852
3852,4867
3855,3855
3855,3855
3855,3855
3855,3855
3878,5018
3897,3897
3898,5050
3898,4071
3898,4814
3917,4716
3922,4843
3924,3924
3924,3924
3924,3924
3924,3924
3924,4069
3927,4349
3929,4895
3929,4332
3930,4722
3930,4722
3945,4197
3945,3945
3952,4591
3952,5253
3953,3953
3957,3957
3957,3957
3959,3959
3961,3961
3962,3962
3962,3962
3962,3962
3965,3965
3965,3965
3976,3976
3976,3976
3976,4772
3976,4772
3979,4776
3979,3979
3979,3980
3980,3980
3980,3980
3985,3985
3985,3985
3985,3985
3985,3985
3985,3985
3985,3985
4001,4001
4010,4593
4013,4013
4013,4013
4025,4025
4047,4047
4052,4052
4052,4052
4056,4056
4064,4064
4064,4064
4064,4064
4064,4064
4064,4064
4064,4064
4064,4064
4064,4064
4064,4064
4064,4064
4064,4064
4064,4064
4064,4064
4064,4064
4064,4064
4064,4064
4064,4064
4064,4064
4064,4064
4064,4064
4064,4064
4064,4064
4066,4066
4066,4066
4071,5050
4071,4071
4071,4071
4071,4071
4071,4071
4071,4071
4071,4071
4071,4071
4071,4071
4071,4071
4071,4071
4071,4816
4073,4916
4075,4075
4075,4075
4075,4075
4075,4075
4081,4081
4082,4859
4082,4859
4084,4084
4093,4093
4093,4268
4100,4456
4100,4456
4100,4100
4100,4100
4100,4100
4100,4100
4119,4119
4119,4119
4127,4127
4127,4127
4128,4128
4133,4133
4134,4762
4135,4135
4135,4135
4135,4135
4135,4135
4136,4136
4144,4144
4145,4433
4145,4145
4145,4145
4151,5117
4151,4632
4160,4328
4160,4160
4160,4160
4160,4160
4160,4160
4160,4160
4160,4160
4160,4160
4160,4160
4160,4160
4161,4161
4161,4161
4166,4585
4166,4166
4166,4166
4171,4171
4172,4172
4172,4172
4172,4172
4172,4172
4174,4174
4174,4174
4177,4933
4182,4182
4182,4182
4190,5123
4197,4197
4197,4991
4201,4201
4201,4201
4213,4659
4219,4219
4234,4297
4237,4237
4240,4784
4260,4260
4260,4260
4260,4260
4260,4260
4266,4266
4266,4266
4266,4266
4266,4266
4269,4402
4271,4271
4271,4271
4272,4272
4272,4272
4284,4284
4284,4284
4287,5185
4288,5014
4288,4288
4288,4288
4297,4297
4297,4297
4300,4300
4300,4300
4323,4323
4323,4681
4332,4895
4337,4337
4337,4337
4337,4337
4337,4337
4338,4869
4338,4869
4338,5132
4344,4344
4352,4352
4352,4352
4352,4352
4367,4713
4367,4367
4367,4367
4367,5060
4370,4370
4370,4370
4385,4385
4391,4391
4391,4391
4392,4392
4392,4392
4395,4395
4395,4395
4396,4876
4396,4935
4402,4402
4403,4403
4403,4403
4405,4405
4405,4405
4412,4412
4415,4569
4415,4569
4415,4415
4415,4415
4416,5206
4416,4416
4416,4416
4416,4416
4416,4416
4417,4668
4424,4424
4424,4424
4426,4426
4426,4426
4426,4426
4426,4426
4429,4429
4442,4442
4442,4442
4442,4442
4442,4940
4444,4444
4444,4444
4444,4444
4446,4446
4446,4446
4446,4446
4446,4446
4449,4449
4456,4456
4456,4456
4460,4920
4472,5170
4472,5261
4475,4558
4476,4476
4476,4476
4492,4492
4492,5088
4503,4503
4504,4504
4508,4508
4508,4508
4508,4508
4514,4514
4514,4514
4514,4514
4514,4514
4514,4514
4514,4514
4522,4522
4522,4522
4522,4522
4522,4522
4522,4522
4532,4532
4532,4532
4532,4532
4532,4532
4541,4541
4541,4541
4547,4547
4551,4551
4551,4551
4551,4551
4556,4556
4556,4556
4558,4558
4558,4558
4565,4565
4568,4844
4576,4576
4576,4576
4576,4576
4576,4576
4584,4584
4584,4584
4584,4584
4584,4584
4585,4585
4589,4589
4589,4589
4591,5253
4597,4597
4598,4598
4600,4926
4604,4604
4608,4608
4609,4609
4614,4614
4614,4614
4616,4616
4624,4624
4624,4624
4624,4624
4624,4624
4625,4891
4625,4891
4625,4730
4632,4632
4632,5117
4637,4637
4637,4637
4643,4643
4668,4668
4676,4676
4676,4676
4676,4676
4676,4676
4713,4713
4713,4713
4713,4713
4713,4713
4713,4713
4713,4966
4713,5060
4725,4725
4725,4725
4728,4805
4736,4736
4736,4736
4736,4736
4736,4736
4736,4736
4736,4736
4736,4736
4756,4756
4756,4756
4760,4760
4762,4762
4776,4776
4779,4779
4779,4779
4784,4784
4790,4790
4790,4790
4790,4790
4790,4790
4790,4790
4790,4790
4805,4805
4814,4814
4823,4823
4823,4823
4843,4843
4844,4844
4851,4851
4851,4851
4851,4851
4851,4851
4859,4859
4859,4859
4862,4862
4862,4862
4862,4862
4862,4862
4862,4862
4862,4862
4869,4869
4869,4869
4871,4871
4871,4871
4876,4935
4877,4877
4877,4877
4895,4895
4898,4898
4901,4901
4901,4901
4901,4901
4901,4901
4901,4901
4901,4901
4911,4911
4911,4911
4912,5251
4916,4916
4916,4916
4916,4916
4916,4916
4920,4920
4920,4920
4935,4935
4939,4939
4966,4966
4966,4966
4966,4966
4966,4966
4969,4969
4969,4969
4980,4980
4980,4980
4989,4989
4989,4989
4990,4990
4990,4990
5004,5198
5014,5014
5029,5029
5029,5029
5036,5036
5038,5038
5038,5038
5043,5043
5043,5043
5043,5043
5057,5057
5057,5057
5071,5071
5074,5074
5087,5087
5090,5090
5090,5090
5093,5093
5093,5093
5123,5123
5123,5123
5123,5123
5123,5123
5130,5130
5130,5130
5132,5132
5160,5160
5160,5160
5170,5261
5172,5172
5172,5172
5172,5172
5172,5172
5175,5175
5175,5175
5198,5198
5206,5206
5224,5224
5224,5224
5225,5225
5225,5225
5225,5225
5226,5226
5226,5226
5251,5251
5257,5268
5262,5262
5262,5262
5268,5268
5272,5272
