Vertices
1022369
459609
459882
1022376
1022373
1022378
1022377
1022382
1022383
1022385
1022388
1022389
1022392
1022394
1022393
1022397
1022400
1022401
459933
460040
487700
460531
460801
1022410
1022409
487707
461048
461108
1022419
1022420
487716
461487
461542
1022428
1022427
1022429
1022430
461679
462489
462767
462996
1022437
463323
463617
463949
464039
464389
1022446
1022448
1022451
1022450
1022455
1022453
1022459
1022460
1022462
1022461
466007
466008
466261
466413
1022469
1022470
1022476
1022473
1022478
466832
467002
1022481
467144
467241
1022487
1022486
1022492
1022489
1022494
1022496
467352
467489
467577
467578
1022503
1022504
1022505
1022506
1022509
1022510
467823
467832
467882
467998
1022518
1022520
1022524
1022523
1022527
1022528
1022531
1022529
487821
Edges
1022385;467577
467577;1022385
1022470;467578
467578;1022470
1022419;1022393
1022393;1022419
1022523;1022410
1022523;1022505
1022410;1022523
1022410;1022505
1022505;1022523
1022505;1022410
1022437;487700
487700;1022437
1022524;1022462
1022524;1022369
1022462;1022524
1022462;1022369
1022369;1022524
1022369;1022462
1022478;1022469
1022478;1022476
1022469;1022478
1022469;1022476
1022476;1022478
1022476;1022469
460531;461679
460531;461542
460531;466413
461679;460531
461679;461542
461679;466413
461542;460531
461542;461679
461542;466413
466413;460531
466413;461679
466413;461542
1022531;1022473
1022531;487821
1022473;1022531
1022473;487821
487821;1022531
487821;1022473
1022446;467352
1022446;467489
1022446;1022487
1022446;467002
1022446;467823
1022446;462996
467352;1022446
467352;467489
467352;1022487
467352;467002
467352;467823
467352;462996
467489;1022446
467489;467352
467489;1022487
467489;467002
467489;467823
467489;462996
1022487;1022446
1022487;467352
1022487;467489
1022487;467002
1022487;467823
1022487;462996
467002;1022446
467002;467352
467002;467489
467002;1022487
467002;467823
467002;462996
467823;1022446
467823;467352
467823;467489
467823;1022487
467823;467002
467823;462996
462996;1022446
462996;467352
462996;467489
462996;1022487
462996;467002
462996;467823
461487;460040
461487;1022504
461487;1022503
460040;461487
460040;1022504
460040;1022503
1022504;461487
1022504;460040
1022504;1022503
1022503;461487
1022503;460040
1022503;1022504
462489;1022428
462489;463949
462489;466832
1022428;462489
1022428;463949
1022428;466832
463949;462489
463949;1022428
463949;466832
466832;462489
466832;1022428
466832;463949
463617;461108
463617;463323
463617;466261
461108;463617
461108;463323
461108;466261
463323;463617
463323;461108
463323;466261
466261;463617
466261;461108
466261;463323
462767;460801
460801;462767
467882;459933
467882;459609
467882;467998
467882;461048
467882;1022377
459933;467882
459933;459609
459933;467998
459933;461048
459933;1022377
459609;467882
459609;459933
459609;467998
459609;461048
459609;1022377
467998;467882
467998;459933
467998;459609
467998;461048
467998;1022377
461048;467882
461048;459933
461048;459609
461048;467998
461048;1022377
1022377;467882
1022377;459933
1022377;459609
1022377;467998
1022377;461048
1022455;1022527
1022527;1022455
1022430;1022388
1022388;1022430
1022429;1022528
1022429;1022494
1022429;1022520
1022528;1022429
1022528;1022494
1022528;1022520
1022494;1022429
1022494;1022528
1022494;1022520
1022520;1022429
1022520;1022528
1022520;1022494
1022506;1022397
1022397;1022506
1022453;1022389
1022389;1022453
467832;1022481
467832;1022451
1022481;467832
1022481;1022451
1022451;467832
1022451;1022481
1022409;1022496
1022496;1022409
466008;467144
466008;1022518
466008;466007
467144;466008
467144;1022518
467144;466007
1022518;466008
1022518;467144
1022518;466007
466007;466008
466007;467144
466007;1022518
1022376;1022489
1022376;1022400
1022489;1022376
1022489;1022400
1022400;1022376
1022400;1022489
1022383;1022448
1022448;1022383
464039;1022450
1022450;464039