0 1 2 3
4 5 6 7 8 79 80 81 82 83 84 123 241 244 421 422 448 449 465 526 527 576 577 614 615 682 683 784 785 807 883 884 885 959 994 996 998 1014 1091 1092 1207 1208 1210 1211 1212 1231 1232 1233 1234 1282 1283 1339 1340 1341 1342 1397 1398 1399 1432 1433 1473 1474 1475 1476 1512 1513 1514 1515 1672 1673 1674 1694 1722 1723 1724 1830 1831 1929 1930 1937 1938 2070 2147 2148 2149 2150 2151 2165 2166 2167 2168 2383 2393 2414 2415 2416 2432 2531 2532 2534 2535 2569 2570 2638 2639 2684 2735 2749 2826 2831 2954 2955 2984 3006
9 10 11 642 643 644 1652 1653 1654 1655 1656 1971
12 13 14 15 919 920 921
16 17
18 19
20 21 22 23 24 25 26 27 41 42 43 44 70 71 72 1378 1379 1380 1381 1518 1519 1897 1898 1994 1995 2525 2687 2688
28 29
30 31 1657 1658 1731 1732 2034 2035 2511 2738
32 33 834
34 35 36 37 177 178 180 181 182 183 184 185 186 187 188 279 280 760 761 762 962 1035 1062 1063 1064 1065 1358 1359 1360 1361 1362 1363 1364 1486 1494 1495 1496 1497 1611 1612 1613 1614 1615 1616 1667 1690 1696 1779 1780 1781 1913 2177 2178 2268 2372 2373 2374 2464 2465 2469 2470 2471 2720 2798 2814 2980 2981
38 39 40 322 999 1000 1001 1145 1146 1205 1560 1561 1562 1563 1596 1597 1598 1599 1755 2498 2594 2818
45 46 47
48 49 50 313 314 1812 2759
51 52 53 54 55 56
57 58
59 60 61
62 63 64 236 237 238 239 240 242 243 245 246 247 248 249 250 251 349 350 351 353 354 355 356 545 546 547 684 752 753 754 755 756 757 758 759 881 882 952 953 954 955 956 976 987 988 989 990 1078 1079 1101 1102 1103 1104 1155 1156 1157 1162 1163 1164 1165 1182 1222 1223 1224 1426 1439 1440 1449 1450 1451 1452 1453 1725 1726 1756 1876 1877 1878 1879 1880 1888 1889 1890 1891 1910 1911 1912 1921 2109 2110 2111 2112 2269 2270 2351 2519 2544 2590 2703 2745 2755 2756 2771 2772 2773 2856 2887 2888 2913 2937
65 66
67 68 69 339 340 341 342 343 606 607 608 609 610 857 858 859 860 861 909 910 911 912 913 1061 1196 1197 1198 1267 1268 1269 1278 1576 1577 1578 1579 1650 1651 1743 2042 2087 2088 2202 2203 2204 2543 2597 2679 2680 2963 2992
73 74 75 76 77 78
85 86
87 88
89 90 91 92 2194 2195 2669 2723 2724 2820 2821 2881 2882 2883 3021
93 94 265 266 267 268 269 270 373 374 375 376 377 378 379 380 381 382 383 384 385 386 387 388 389 390 391 392 393 394 395 396 397 398 399 400 401 402 403 404 405 406 407 408 409 410 411 412 413 414 1365 1366 1751 1752 1813 2008 2192 2193 2317 2318 2319 2560 2612
95 96 97 98 99
100 101 102 103 283 284 285 286 287 487 488 502 651 652 653 903 914 915 916 1346 1347 1348 1349 1350 1356 1394 1631 1632 1633 1678 1679 1713 1714 1868 1869 1870 2029 2030 2031 2032 2033 2099 2171 2172 2350 2362 2492 2493 2494 2522 2523 2524 2605 2647 2648 2729 2730 2877 2878 2982 2983 2989
104 208 209 304 305 306 307 308 309 310 311 312 415 416 668 669 670 688 689 690 691 692 842 843 844 870 871 872 1046 1047 1048 1121 1122 1123 1134 1135 1406 1407 1429 1430 1431 1480 1481 1482 1540 1547 1744 1881 1882 1883 1884 1931 1932 1933 1940 1941 2038 2045 2159 2251 2252 2312 2352 2361 2375 2405 2538 2539 2550 2551 2552 2553 2571 2575 2576 2577 2578 2579 2658 2659 2670 2727 2746 2846 2847 2848 2892 2906 2986 2995 3001
105 106 1592 1593
107 108 252 253 254 255 256 257 258 540 541 542 543 544 733 739 740 741 742 772 773 774 775 776 777 778 892 893 894 895 896 897 943 944 945 1084 1085 1086 1087 1382 1620 1628 1629 1630 1648 1649 1695 1727 1728 1980 1981 2053 2054 2055 2056 2057 2117 2163 2164 2179 2201 2261 2574 2760 2761 2762 2763 2767 2870 2889 2958
109 110 132 133 134 135 136 288 289 344 345 346 347 348 450 451 763 925 926 927 928 929 930 931 1191 1192 1193 1253 1254 1255 1256 1257 1454 1892 1893 2084 2092 2093 2094 2103 2130 2131 2196 2197 2223 2442 2591 2643 2644 2803 2804 2827 2828 2830
111 112 113
114 115 116 117 118 368 369 370 371 372 710 711 712 713 714 850 851 852 853 854 1176 1177 1178 1558 1559 1700 1867 2059 2060 2266 2267 2491 2757 2758
119 120 121 122 124 125 224 587 588 589 590 591 592 593 594 595 596 597 598 599 600 601 602 603 604 605 661 839 840 841 1038 1206 1209 1311 1312 1313 1314 1315 1316 1408 1526 1527 1528 1605 1606 1701 1835 1836 1871 1872 1873 1956 1957 1958 1979 2058 2369 2556 2557 2792 2853 2968 3011 3022
126 127 128 129 130 131
137 138
139 140 141 142 1132 1133 1522 1523 1524 1525 1668 2675 2676 2784 2785
143 144 145
146 147 148 149 158 159 160 161 162 217 218 219 466 467 468 469 470 471 472 473 497 498 528 529 530 701 720 721 722 723 724 725 726 727 728 743 744 745 746 747 878 879 880 973 974 975 1095 1173 1174 1175 1317 1373 1543 1544 1805 1806 1832 1833 1834 2005 2102 2227 2228 2238 2239 2314 2376 2377 2378 2685 2686 2697 2726 2764
150 151 425 426 427 428 429 430 431 432 1111 1112 1113 1114 1564 1978 2381 2382 2423 2424
152 153 154 155 568 569 570 571 718 719 1383 1384 1385 1386 1508 1509 1510 1511 2046 2047 2337 2338
156 157 548 549 550 551 552 553 1077 1357 1367 1372 1573 1574 1575 1580 1581 1582 1583 1991 1992 1993 2300 2301 2429 2430 2431 2495 2496 2497 2854 3004
163 164 172 173 174 315 316 317 318 326 327 328 446 574 575 748 749 750 751 922 923 924 1002 1003 1004 1005 1068 1069 1070 1071 1072 1617 1618 1619 1680 1681 1682 1683 1794 1795 1796 1797 1842 1843 1844 1845 1846 2083 2224 2264 2370 2371 2384 2449 2707 2708 2915 2919
165 166 167 168 169
170 171 447
175 176
179 228 229 231 233 234 235 297 517 518 534 535 536 537 538 539 906 907 908 1149 1150 1286 1287 1288 1289 1290 1344 1345 1409 1410 1411 1412 1413 1414 1415 1416 1417 1418 1419 1420 1421 1422 1516 1517 1572 1745 1746 1747 1748 1861 1862 1863 1864 1944 1945 2025 2554 2650 2750 2751 2768 2850 2851 2900 2903 2909 2910 2938 2956 2957 2972 3002
189 190 191
192 193 194
195 196 620 621 622 623 624 625 626 627 685 686 687 995 997 1213 1214 1321 1322 1323 1324 1325 1326 1465 1466 1467 1468 1506 1507 1602 1603 1604 1621 1622 1847 1848 1923 2257 2258 2259 2260 2325 2533 2859
197 198
199 200 201 202 203 204 205 206 207 1639
210 211 212
213 214 215 216
220 221 222 223 225 226 227 290 291 292 293 443 444 445 578 579 580 581 582 583 1594 1595 1749 1750 1853 1854 1855 2009 2010 2017 2121 2283 2313 2399 2400 2512 2513 2640 2641 2671 2721 2722 2747
230 263 572 573 1217 1218 1219 1244 1245 1246 1247 1248 1334 1343 1504 1505 1586 1587 1588 1916 1917 2276 2662 2884 2917 2918
232 259 260 261 262 264 271 272 273 294 295 296 299 300 301 302 303 436 440 779 780 898 899 1049 1050 1051 1052 1053 1054 1545 1546 1600 1601 1739 2602 2663 2664 2842 2843 2852
274 275 276
277 278
281 282 501 503 504 505 506 868 869 1009 1010 1011 1012 1013 1036 1037 1332 1333 1492 1493 1688 1689 1959 2043 2044 2089 2090 2091 2280 2353 2609 2610 2626 2739 2740 2741 2742 2817 2855
298 357 358 628 629 657 658 659 660 662 766 767 768 827 828 829 864 865 866 867 1201 1202 1203 1280 1281 1329 1625 1626 1627 1939 2162 2187 2215 2235 2236 2286 2287 2292 2379 2388 2450 2649 2651 2652 2987 3015
319 320 321
323 324 325
329 330 331 332 333 476 477 478 1553 1554 1555
334 335 336 337 338 1279
352 566 567 832 833 855 856 967 1291 1292 1368 1643 1644 1807 1808 1809 1934 1982 2003 2004 2069 2107 2108 2160 2237 2324 2360 2389 2390 2391 2441 2446 2447 2448 2586 2630 2781 2948 2949 2975 2976 2977 2978 2979
359 360 361 1093 1094
362 363 364 365 366 367 1769 1770 1771 1772 2706 2939 3020
417 418
419 420
423 424
433 434 435 452 453
437 438 439 1983 1984
441 442
454 455 456 457 458 459 460 461 1402 1403 1935 1936
462 463 464
474 475
479 480 1501 1502 1503
481 482
483 484 485 486
489 490
491 492
493 494 495 496
499 500
507 508 702 703 704
509 510 511 512 513 514 2572 2642
515 516
519 520 521 522
523 524 525 693 694 695 696 697 698 886 887 888 889 890 891 946 947 948 949 950 951 993 1675 2253 2254
531 532 533
554 555 556 557 558 559 560 561 562
563 564 565
584 585 586
611 612 613
616 617 1337 1338 2063
618 619
630 631
632 633 634
635 636 637 638 639 640 641
645 646 647 736 1220 1221 2547
648 649 650 821 822 823 824 848 849 1032 1733 1734 1735 2700 2701 2702 2718 2719 2810
654 655 656
663 664
665 666 667
671 672 673 2618
674 675
676 677 678 679
680 681
699 700
705 706 707 708 709 2075 2076 2545 2546
715 716 717
729 730 731 732 1237 1238 1270 1271 1293 1294 1295 1296 1297 1298 1640 1641 1642 2095 2096 2262 2263 2528 2598 2599 2600 2601 2623 2871
734 735
737 738 2385 2408
764 765
769 770 771
781 782 783 1374 1375 1376 1377 2011 2012 2256 2837 2838 2849 2965
786 787 788 789 1039 1040 1041 1042 1914 1915 1996 1997 1998
790 791 792 793 794 795 796 797 798
799 800 801 2922 2923
802 803 804 2173 2174 2175 2176
805 806
808 809 810 811 812 813 814 815
816 817
818 819 820
825 826
830 831
835 836 837 838 1006 1007 1008 1972
845 846 847
862 863
873 874 2214 3005 3026
875 876 877
900 901 902 2427 2428
904 905
917 918
932 933 934
935 936 937 938 939 2392 2584 2585 2911 2912
940 941 942
957 958 1568
960 961 1791 1792 1793 1895 1896
963 964 2555
965 966 968 969 1141 1142 1143 1144 1715 1716 1717 1718 1719 1720 1721 1798 1799 1800 1801 1802 1803 1804 1922 2143 2144 2145 2146 2440 2451 2452 2453 2454 2455 2548 2549
970 971 972
977 978 979 1810 1811
980 981 982
983 984 985 986
991 992 2341 2342 2971
1015 1016 1017
1018 1019 1020 1021 2240
1022 1023
1024 1025 1026 1027 1204
1028 1029
1030 1031 1894
1033 1034
1043 1044 1045
1055 1056
1057 1058 2677 2678 2728
1059 1060
1066 1067
1073 1074
1075 1076
1080 1081
1082 1083
1088 1089 1090
1096 1097
1098 1099 1100
1105 1106 1107 1108 1109 1110
1115 1116
1117 1118 1119 1120
1124 1125 1126
1127 1128
1129 1130 1131
1136 1137 1138 2026 2027 2028 2667 2668
1139 1140
1147 1148
1151 1152 2120
1153 1154
1158 1159
1160 1161
1166 1167 1168 2255
1169 1170 1171 1172
1179 1180 1181
1183 1184 1185 1186 1187 1188 1189 1190 1239 1240 2265
1194 1195 2443 2444 2445 2860 2861 2862 2863
1199 1200
1215 1216 2158
1225 1226 1227 1228 1229 1230 2354 2355 2356
1235 1236
1241 1242 1243 1477 1478 1479
1249 1250 1251 1252
1258 1259 2930
1260 1261
1262 1263 1264 1265 1266 1967 2141 2142
1272 1273 1274
1275 1276 1277
1284 1285
1299 1300 1301 2665 2666
1302 1303 1304
1305 1306 1307 1308
1309 1310
1318 1319 1320 1634 1635 1761 1762 1763 1764 2061 2062 2064 2065 2066 2302 2421 2422 2611 2620
1327 1328
1330 1331 2672 2836
1335 1336
1351 1352 1353
1354 1355
1369 1370 1371 2752
1387 1388 1389 1390
1391 1392 1393
1395 1396
1400 1401 2425 2426
1404 1405
1423 1424 1425
1427 1428
1434 1435 1436
1437 1438 2998
1441 1442 1443
1444 1445 1446 2380
1447 1448 2822 2823
1455 1456 1457
1458 1459
1460 1461
1462 1463 1464
1469 1470
1471 1472
1483 1484 1485
1487 1488 1489 1490 1491
1498 1499 1500 2161
1520 1521
1529 1530 1531 1532 2085 2086
1533 1534 1535
1536 1537
1538 1539 2332 2333 2334 2335 2336 2573
1541 1542
1548 1549 1550
1551 1552
1556 1557
1565 1566 1567
1569 1570 1571
1584 1585
1589 1590 1591
1607 1608
1609 1610
1623 1624
1636 1637 1638 2460 2461 2637 2969 2970
1645 1646 1647 2328 2329 2330
1659 1660 1661 1662
1663 1664 1665 1666
1669 1670 1671
1676 1677 2518
1684 1685 2947
1686 1687
1691 1692 1693
1697 1698 1699
1702 1703 1704 1705 1706 1707
1708 1709
1710 1711 1712
1729 1730
1736 1737 1738
1740 1741 1742
1753 1754
1757 1758 1759 1760 1960 2689 2916
1765 1766 1767 1768
1773 1774 1775 2587 2588 2589
1776 1777 1778
1782 1783 1784
1785 1786
1787 1788
1789 1790
1814 1815 1816 1817 1818 1819 2137 2221 2222
1820 1821
1822 1823
1824 1825 1826
1827 1828 1829
1837 1838 2800
1839 1840 1841
1849 1850
1851 1852 2717
1856 1857 1858 1859 1860
1865 1866
1874 1875
1885 1886 1887
1899 1900 2694
1901 1902 1903
1904 1905 1906 1907
1908 1909
1918 1919 1920
1924 1925 1926
1927 1928
1942 1943
1946 1947 1948 1949
1950 1951 1952 1953 1954 1955 2829 2964
1961 1962 1963 1964
1965 1966
1968 1969 1970
1973 1974 1975
1976 1977
1985 1986 1987
1988 1989 1990
1999 2000 2001 2002
2006 2007
2013 2014 2401
2015 2016
2018 2019 2020 2021 2022 2023 2024
2036 2037
2039 2040 2041
2048 2049 2050 2051 2052
2067 2068 2788
2071 2072 2073 2074
2077 2078 2079 2080 2081 2082
2097 2098
2100 2101
2104 2105 2106 2126 2127 2290 2291
2113 2114
2115 2116
2118 2119 2799
2122 2123
2124 2125 2397 2398 2886
2128 2129
2132 2133
2134 2135 2136
2138 2139 2140
2152 2153 2154 2279
2155 2156 2157
2169 2170
2180 2181 2182 2183 2184
2185 2186
2188 2189
2190 2191
2198 2199 2200
2205 2206 2207 2540
2208 2209 2731
2210 2211 2212 2213
2216 2217
2218 2219 2220
2225 2226
2229 2230 2231 2232 2809
2233 2234
2241 2242
2243 2244 2725
2245 2246 2247 2248 2274 2275
2249 2250
2271 2272 2273
2277 2278
2281 2282
2284 2285
2288 2289
2293 2294 2331
2295 2296
2297 2298 2299
2303 2304 2305
2306 2307 2308
2309 2310 2311
2315 2316
2320 2321 2322 2323
2326 2327
2339 2340
2343 2344 2345 2346
2347 2348 2349 2435 2436 2437 2438 2439 2619
2357 2358 2359
2363 2364
2365 2366
2367 2368
2386 2387
2394 2395 2396
2402 2403 2404
2406 2407
2409 2410
2411 2412 2413
2417 2418 2419 2420
2433 2434
2456 2457 2458 2459
2462 2463
2466 2467 2468
2472 2473
2474 2475
2476 2477
2478 2479
2480 2481 2482
2483 2484
2485 2486 2487 2488
2489 2490
2499 2500 2501 2502 2503
2504 2505
2506 2507 2508
2509 2510
2514 2515
2516 2517 2872 2873
2520 2521
2526 2527 2615 2616 2617 2748
2529 2530
2536 2537
2541 2542
2558 2559
2561 2562
2563 2564
2565 2566
2567 2568
2580 2581
2582 2583 2985
2592 2593
2595 2596 2904 2905 3003
2603 2604 2864
2606 2607 2608
2613 2614
2621 2622
2624 2625
2627 2628 2629 2683
2631 2632 3012 3013
2633 2634
2635 2636
2645 2646
2653 2654 2655
2656 2657
2660 2661
2673 2674
2681 2682
2690 2691 2914
2692 2693 2988
2695 2696
2698 2699
2704 2705
2709 2710
2711 2712
2713 2714 2715 2716
2732 2733 2734 2819
2736 2737
2743 2744
2753 2754
2765 2766
2769 2770
2774 2775 2776 2777 2966 2967
2778 2779 2780
2782 2783
2786 2787
2789 2790 2791
2793 2794
2795 2796 2797
2801 2802
2805 2806
2807 2808
2811 2812 2813
2815 2816
2824 2825 2885
2832 2833 2834 2835
2839 2840 2841
2844 2845
2857 2858
2865 2866 2867 2868 2869
2874 2875 2876
2879 2880 2924
2890 2891
2893 2894
2895 2896 2897
2898 2899
2901 2902
2907 2908
2920 2921
2925 2926
2927 2928 2929
2931 2932
2933 2934
2935 2936
2940 2941
2942 2943
2944 2945 2946
2950 2951
2952 2953
2959 2960
2961 2962
2973 2974
2990 2991
2993 2994 3014
2996 2997
2999 3000
3007 3008
3009 3010
3016 3017
3018 3019
3023 3024 3025
3027 3028
3029 3030
