200
2
345
300
339
651
630
235
305
255
365
211
220
315
740
640
730
337
332
325
367
366
210
290
265
260
616
710
732
713
920
840
350
100
800
530
20
900
731
40
360
42
327
230
600
267
271
245
481
41
329
670
625
663
690
645
160
368
70
790
225
93
273
95
94
375
712
240
275
269
390
750
666
90
770
385
101
355
140
560
310
678
280
135
775
652
395
817
811
520
380
130
816
660
850
150
145
620
615
820
155
165
680
698
110
91
92
352
700
490
500
483
482
552
580
484
435
571
471
411
553
812
452
438
437
516
517
510
501
551
420
433
436
434
432
439
461
541
540
771
115
205
338
692
522
694
696
450
572
910
780
830
781
475
31
56
53
54
51
57
58
55
570
223
344
346
359
369
372
371
373
404
212
581
451
80
349
343
703
705
701
704
702
940
531
679
565
316
52
317
370
986
760
