1008050
1007811
1011178
1006838
1008760
1009001
1007078
1006841
1008049
1010449
1008994
1010945
1006114
1007803
1008765
1011414
1004196
1009009
1011648
1123161
1123163
1006592
1006590
1007569
1003944
1004661
1005643
1010694
1004192
1009955
1008292
1008762
1006122
1007080
1004191
1005399
1003940
1005153
1008047
1003707
1003955
1004179
1004670
1004906
1005382
1005383
1005384
1005385
1005386
1005865
1005881
1006121
1006363
1007318
1007808
1008520
1008763
1009243
1009476
1009489
1009967
1009972
1010204
1010211
1010212
1010695
1011171
1011419
1011650
1004913
1009011
1004189
1004430
1004673
1004674
1006108
1007090
1009010
1009715
1010446
1004901
1010683
1003715
1003938
1005148
1005872
1006359
1007088
1007089
1007556
1007804
1008055
1008280
1008766
1009007
1009235
1009240
1009486
1010700
1011181
1011890
1011900
1004426
1005866
1005869
1005874
1009251
1009480
1009728
1010213
1010217
1010687
1011183
1011426
1005149
1005623
1005642
1005868
1007087
1007314
1007567
1009003
1009719
1011652
1005640
1006589
1008998
1003701
1003702
1003943
1003948
1003950
1004177
1004188
1004433
1004438
1004917
1005387
1005395
1005624
1005629
1005867
1006126
1006347
1006361
1006364
1006365
1006587
1006588
1006597
1006601
1006847
1006848
1007076
1007077
1007317
1007325
1007557
1007793
1007809
1008048
1008516
1008521
1008522
1008523
1008524
1008767
1008991
1008997
1009472
1009723
1009730
1009958
1010202
1010203
1010209
1010438
1010439
1010457
1010930
1010933
1010937
1010941
1011168
1011411
1011653
1011661
1011903
1011904
1003713
1003716
1003717
1003939
1003937
1003941
1003947
1003949
1003952
1003953
1003954
1004178
1004180
1004186
1004185
1004420
1004422
1004424
1004425
1004434
1004432
1004436
1004662
1004667
1004664
1004668
1004669
1004680
1004681
1004902
1004904
1004907
1004911
1004916
1004919
1004920
1005142
1005140
1005144
1005145
1005150
1005151
1005152
1005154
1005157
1005159
1005393
1005394
1005398
1005396
1005401
1005625
1005626
1005633
1005635
1005864
1005870
1005873
1005875
1005876
1005880
1006112
1006115
1006127
1006125
1006353
1006352
1006356
1006357
1006596
1006598
1006600
1006602
1006605
1006606
1006833
1006836
1006837
1006839
1006843
1006842
1006849
1007075
1007074
1007081
1007082
1007086
1007085
1007311
1007313
1007315
1007319
1007320
1007553
1007555
1007564
1007563
1007566
1007568
1007800
1007798
1007806
1007805
1007810
1008036
1008042
1008046
1008045
1008051
1008053
1008054
1008276
1008278
1008284
1008282
1008288
1008286
1008514
1008525
1008769
1008992
1009244
1009242
1009245
1009475
1009473
1009478
1009479
1009487
1009491
1009490
1009718
1009717
1009722
1009724
1009725
1009726
1009731
1009732
1009968
1009966
1009970
1009971
1009973
1010207
1010208
1010215
1010214
1010218
1010440
1010450
1010451
1010684
1010686
1010685
1010691
1010692
1010699
1010701
1010702
1010926
1010928
1010929
1010936
1010938
1011164
1011166
1011167
1011170
1011172
1011173
1011176
1003709
1004181
1004423
1004675
1011412
1011416
1011413
1011424
1011421
1011427
1011428
1008037
1008530
1009482
1011656
1011655
1011659
1011660
1011663
1011887
1011902
1007812
1011179
1011662
1011895
1004437
1004672
1004678
1004912
1006830
1006832
1007329
1008039
1008528
1008529
1008995
1009000
1009236
1009237
1009248
1009481
1010448
1011664
1011891
1003714
1003718
1005146
1005871
1007565
1007797
1007801
1008277
1009246
1009477
1009721
1010688
1010698
1010931
1011658
1011894
1011901
1011905
1003704
1005630
1006116
1006120
1006831
1007558
1007795
1009004
1009233
1009960
1009962
1010455
1011893
1003703
1003708
1003951
1004671
1005143
1005147
1005388
1005882
1006118
1007079
1007316
1007326
1007794
1007796
1007807
1008287
1008526
1009234
1009241
1009485
1009957
1009959
1009969
1010205
1010206
1010444
1010454
1010689
1010690
1011165
1011174
1011175
1011892
1003710
1004428
1006110
1004184
1004190
1004195
1004427
1004439
1007091
1007799
1008996
1009483
1009484
1010442
1006109
1006117
1006840
1008768
1009956
1010443
1003711
1004182
1004193
1004194
1004429
1004431
1004676
1004677
1004679
1004914
1007092
1007559
1008279
1008293
1008527
1009005
1009232
1009247
1009488
1009713
1009716
1009961
1009963
1010697
1010943
1011180
1011647
1011657
1011896
1011897
1011898
1123162
1003705
1004663
1004665
1004666
1004905
1004908
1004918
1005141
1005156
1005158
1005392
1005397
1005400
1005637
1005877
1006354
1006358
1006603
1006604
1007323
1007554
1007562
1008041
1008056
1008281
1008283
1008290
1008515
1009474
1009965
1010216
1010447
1011415
1011422
1011425
1003706
1005389
1005636
1006350
1006366
1006846
1007321
1007328
1007572
1008038
1008291
1008519
1009249
1010201
1010210
1010441
1010445
1010942
1011182
1011418
1011649
1011665
1011889
1012129
1003699
1003700
1003942
1004187
1004435
1005155
1005391
1005627
1005628
1005634
1005638
1005639
1005641
1005878
1005879
1005883
1006123
1006124
1006351
1006355
1006360
1006362
1006591
1006593
1006594
1006595
1006834
1006835
1006844
1006845
1007083
1007084
1007322
1007324
1007327
1007330
1007570
1008040
1008275
1008285
1009250
1009720
1009727
1009729
1009964
1009975
1010452
1010453
1010696
1010932
1010934
1010935
1010939
1011169
1011409
1011410
1011417
1011423
1011651
1011654
1011888
1009008
1003712
1006111
1008993
1009006
1009238
1009714
1010199
1004915
1007312
1007560
1007571
1008770
1010927
1011177
1003946
1004183
1004909
1004910
1006348
1006349
1007561
1007802
1008043
1008044
1008517
1008531
1008532
1008753
1008754
1008755
1008756
1008757
1008758
1008759
1008999
1009002
1010200
1010940
1010944
1011666
1011899
1004421
1004903
1006113
1008761
1009974
1003477
1003476
1005390
1005631
1005632
1007073
1008764
1010456
1011420
1008052
1009239
1003945
1008289
1008518
1010693
1006119
1006599
